VERSION=1.1
NAME=ALOUETTE 1 (S-27)
NICKNAME=ALOUETTE 1 (S-27)
TLE1=1 00424U 62049A   09214.95816155  .00000028  00000-0  22319-4 0  1945
TLE2=2 00424  80.4640 228.9136 0021981 288.6375  71.2387 13.68717468338097
