VERSION=1.1
NAME=ATLAS CENTAUR 2
NICKNAME=ATLAS CENTAUR 2
TLE1=1 00694U 63047A   09215.74369123  .00000237  00000-0  21703-4 0   249
TLE2=2 00694  30.3573  45.9123 0616301  80.9961 285.9812 13.95025012280098
