VERSION=1.1
NAME=THOR AGENA D R/B
NICKNAME=THOR AGENA D R/B
TLE1=1 00733U 64002A   09215.57411246 -.00000003  00000-0  17355-4 0  8394
TLE2=2 00733  99.1171 239.7401 0033514 256.5296 103.2155 14.31264307370985
