VERSION=1.1
NAME=SL-3 R/B
NICKNAME=SL-3 R/B
TLE1=1 00877U 64053B   09214.78062723 -.00000100  00000-0  42585-5 0  1567
TLE2=2 00877  65.0784  45.1123 0064997 173.4790 186.7158 14.58089120382137
