VERSION=1.1
NAME=CALSPHERE 2
NICKNAME=CALSPHERE 2
TLE1=1 00902U 64063E   09215.36067010  .00000075  00000-0  10000-3 0  1213
TLE2=2 00902  90.1639 330.8414 0019560 107.6238 252.7041 13.52466237 23748
