VERSION=1.1
NAME=CALSPHERE 1
NICKNAME=CALSPHERE 1
TLE1=1 00900U 64063C   09215.39141000  .00000092  00000-0  92907-4 0  8512
TLE2=2 00900  90.1628 327.8813 0030187  91.9022 268.5595 13.70478422225930
