VERSION=1.1
NAME=OSCAR 3 (OSCAR III)
NICKNAME=OSCAR 3 (OSCAR III)
TLE1=1 01293U 65016F   09215.08169401  .00000149  00000-0  12652-3 0  5820
TLE2=2 01293  70.0702  70.0707 0016693 110.1861 250.1049 14.04721679266395
