VERSION=1.1
NAME=LCS 1
NICKNAME=LCS 1
TLE1=1 01361U 65034C   09214.89551685  .00000009  00000-0  10000-3 0  1256
TLE2=2 01361  32.1407  48.1457 0006449 160.4719 199.6021  9.89276578599989
