VERSION=1.1
NAME=TEMPSAT 1
NICKNAME=TEMPSAT 1
TLE1=1 01512U 65065E   09215.73842749  .00000058  00000-0  10000-3 0  2037
TLE2=2 01512  89.8126 299.5136 0067977 267.3750  91.9605 13.33258774138966
