VERSION=1.1
NAME=ATS 1
NICKNAME=ATS 1
TLE1=1 02608U 66110A   09214.56123925 -.00000135  00000-0  10000-3 0  9881
TLE2=2 02608   7.8332 310.3833 0004026 194.9911 165.1462  1.00288749 72977
