VERSION=1.1
NAME=SL-8 R/B
NICKNAME=SL-8 R/B
TLE1=1 02802U 67045B   09215.27148569  .00000028  00000-0  16265-4 0   730
TLE2=2 02802  74.0108 112.8822 0067684 138.7399 221.8896 14.42463531214308
