VERSION=1.1
NAME=TRANSIT 16
NICKNAME=TRANSIT 16
TLE1=1 02807U 67048A   09214.98383387  .00000074  00000-0  10000-3 0  2715
TLE2=2 02807  89.6513 202.0328 0022071 100.0837 260.2805 13.49716226 76938
