VERSION=1.1
NAME=OPS 5712 (P/L 153)
NICKNAME=OPS 5712 (P/L 153)
TLE1=1 02874U 67053H   09214.86043976 -.00000053  00000-0  52186-6 0  1787
TLE2=2 02874  69.9731 352.0720 0009619 270.1737  89.8269 13.95925225147051
