VERSION=1.1
NAME=TRANSIT 17
NICKNAME=TRANSIT 17
TLE1=1 02965U 67092A   09215.57673419  .00000077  00000-0  10000-3 0  5539
TLE2=2 02965  89.2593 119.3220 0047005 294.9648  64.6623 13.52426426 63524
