VERSION=1.1
NAME=ATS 3
NICKNAME=ATS 3
TLE1=1 03029U 67111A   09214.31138730 -.00000093  00000-0  10000-3 0  4950
TLE2=2 03029   9.3673 317.7667 0015092  43.8150 316.4215  1.00272359152840
