VERSION=1.1
NAME=TRANSIT 18
NICKNAME=TRANSIT 18
TLE1=1 03133U 68012A   09215.72066227  .00000075  00000-0  10000-3 0  3367
TLE2=2 03133  89.9796 286.6251 0074741 184.5619 175.4854 13.50529039 38975
