VERSION=1.1
NAME=SL-8 R/B
NICKNAME=SL-8 R/B
TLE1=1 03230U 68040B   09215.47019951 -.00000009  00000-0  34296-5 0  7143
TLE2=2 03230  74.0347 206.8669 0034793 202.3521 157.6152 14.84219452208268
