VERSION=1.1
NAME=OAO 2
NICKNAME=OAO 2
TLE1=1 03597U 68110A   09214.95903253  .00000011  00000-0  85973-5 0  1139
TLE2=2 03597  34.9937 189.8699 0006185 295.8987  64.1074 14.44868682141727
