VERSION=1.1
NAME=ISIS 1
NICKNAME=ISIS 1
TLE1=1 03669U 69009A   09214.76929039  .00000049  00000-0  18506-4 0  9266
TLE2=2 03669  88.4296 106.6935 1715206  68.6747 308.8325 11.28861471664467
