VERSION=1.1
NAME=METEOR 1-1
NICKNAME=METEOR 1-1
TLE1=1 03835U 69029A   09214.93770687  .00002061  00000-0  38459-4 0  1475
TLE2=2 03835  81.1659 349.1299 0009223  70.0807 290.1429 15.48208372204616
