VERSION=1.1
NAME=OSCAR 5 (AO-5)
NICKNAME=OSCAR 5 (AO-5)
TLE1=1 04321U 70008B   09214.94755686 -.00000031  00000-0  10000-3 0  1970
TLE2=2 04321 102.1317 226.9606 0027375 250.4902 109.3227 12.52157105806618
