VERSION=1.1
NAME=SERT 2
NICKNAME=SERT 2
TLE1=1 04327U 70009A   09214.70067383  .00000032  00000-0  10000-3 0   385
TLE2=2 04327  99.2079  85.1379 0004193 192.6468 167.4566 13.58228196957113
