VERSION=1.1
NAME=NNSS 19
NICKNAME=NNSS 19
TLE1=1 04507U 70067A   09215.78762208  .00000044  00000-0  51111-4 0  9961
TLE2=2 04507  89.8683 311.0800 0171063 306.7249  51.8289 13.50137805916105
