VERSION=1.1
NAME=NOAA 1 [-]
NICKNAME=NOAA 1 [-]
TLE1=1 04793U 70106A   09215.48027265 -.00000031  00000-0  10000-3 0  2158
TLE2=2 04793 102.0756 207.0326 0032237 347.5243  12.5026 12.53930472768846
