VERSION=1.1
NAME=SL-3 R/B
NICKNAME=SL-3 R/B
TLE1=1 04814U 70113B   09215.49694220 -.00000073  00000-0 -54367-5 0   243
TLE2=2 04814  81.1511 167.8195 0041925  49.8224 310.6690 15.13614664 97393
