VERSION=1.1
NAME=SL-3 R/B
NICKNAME=SL-3 R/B
TLE1=1 05118U 71028B   09215.16087958 -.00000231  00000-0 -18894-4 0  2056
TLE2=2 05118  81.2376 183.1961 0050039  61.4327 299.1875 15.02315734 71171
