VERSION=1.1
NAME=RIGIDSPHERE 2 (LCS 4)
NICKNAME=RIGIDSPHERE 2 (LCS 4)
TLE1=1 05398U 71067E   09215.80796790  .00000140  00000-0  45264-4 0  6266
TLE2=2 05398  87.6189 236.3532 0066892  20.8020 339.5869 14.31165389991376
