VERSION=1.1
NAME=ASTEX 1
NICKNAME=ASTEX 1
TLE1=1 05560U 71089A   09215.78135167  .00000064  00000-0  18144-4 0  8728
TLE2=2 05560  92.7129 358.8368 0015575 319.5061  40.4985 14.46206422985482
