VERSION=1.1
NAME=SL-8 R/B
NICKNAME=SL-8 R/B
TLE1=1 05730U 71119B   09215.41754164  .00000698  00000-0  54417-4 0  2152
TLE2=2 05730  73.9004  72.2226 0804374 149.9908 214.9983 13.76844208806796
