VERSION=1.1
NAME=COSMOS 482 DESCENT CRAFT
NICKNAME=COSMOS 482 DESCENT CRAFT
TLE1=1 06073U 72023E   09215.70379638  .00010075  28559-5  74788-4 0  1346
TLE2=2 06073  52.1101 288.2028 2206782 202.0199 146.9309 11.17793170 20661
