VERSION=1.1
NAME=OAO 3 (COPERNICUS)
NICKNAME=OAO 3 (COPERNICUS)
TLE1=1 06153U 72065A   09215.12178020  .00000023  00000-0  97192-5 0  2444
TLE2=2 06153  35.0065 156.5874 0006756  49.5188 310.6105 14.56570933961297
