VERSION=1.1
NAME=ATLAS CENTAUR R/B
NICKNAME=ATLAS CENTAUR R/B
TLE1=1 06155U 72065B   09215.13749586  .00000056  00000-0  13233-4 0  9275
TLE2=2 06155  35.0046 194.8033 0040990 262.8904  96.7159 14.67979838968808
