VERSION=1.1
NAME=OPS 8180 (RADCAT)
NICKNAME=OPS 8180 (RADCAT)
TLE1=1 06212U 72076A   09215.48266188  .00001557  00000-0  58766-4 0  7995
TLE2=2 06212  98.5941 230.8941 0003265 171.9317 188.2019 15.28986717130109
