VERSION=1.1
NAME=OSCAR 6 (AO-6)
NICKNAME=OSCAR 6 (AO-6)
TLE1=1 06236U 72082B   09214.94130320 -.00000027  00000-0  10000-3 0  1888
TLE2=2 06236 101.3966 226.4340 0003801 155.1078 205.0179 12.53077930683261
