VERSION=1.1
NAME=NOAA 2 [-]
NICKNAME=NOAA 2 [-]
TLE1=1 06235U 72082A   09215.50225269 -.00000027  00000-0  10000-3 0  3148
TLE2=2 06235 101.4019 231.5337 0003639 185.4803 174.6232 12.53003584683393
