VERSION=1.1
NAME=NNSS O-20
NICKNAME=NNSS O-20
TLE1=1 06909U 73081A   09214.89238339  .00000021  00000-0  12178-4 0  4300
TLE2=2 06909  89.8595 357.3630 0157901 329.1644  30.0322 13.69753789985458
