VERSION=1.1
NAME=NOAA 3 [-]
NICKNAME=NOAA 3 [-]
TLE1=1 06920U 73086A   09215.52333023 -.00000030  00000-0  10000-3 0  2068
TLE2=2 06920 101.7204 236.0968 0006603  82.1204 278.0611 12.40298770618145
