VERSION=1.1
NAME=SL-8 R/B
NICKNAME=SL-8 R/B
TLE1=1 07004U 73107B   09214.87253692  .00003136  00000-0  12828-3 0   838
TLE2=2 07004  73.9603 159.0366 0429675  11.6353 349.4388 14.68178125807156
