VERSION=1.1
NAME=SL-8 R/B
NICKNAME=SL-8 R/B
TLE1=1 07338U 74044B   09215.09412167  .00002493  00000-0  49338-4 0  9345
TLE2=2 07338  82.8805  35.6237 0216199 269.8522  87.7946 15.25050035806744
