VERSION=1.1
NAME=NOAA 4 [-]
NICKNAME=NOAA 4 [-]
TLE1=1 07529U 74089A   09215.51381802 -.00000027  00000-0  10000-3 0  2173
TLE2=2 07529 101.4417 238.5137 0008751 223.3957 136.6430 12.53053459587970
