VERSION=1.1
NAME=STARLETTE
NICKNAME=STARLETTE
TLE1=1 07646U 75010A   09215.52659274 -.00000191  00000-0 -39118-4 0   151
TLE2=2 07646  49.8278 304.0687 0205928 229.1142 129.1742 13.82271440742234
