VERSION=1.1
NAME=DELTA 1 R/B
NICKNAME=DELTA 1 R/B
TLE1=1 08063U 75072B   09214.88143519  .00008164  00000-0  22188-3 0  3103
TLE2=2 08063  89.1523 333.9013 0947624 119.6588 250.2327 13.69119130475077
