VERSION=1.1
NAME=GOES 1 [-]
NICKNAME=GOES 1 [-]
TLE1=1 08366U 75100A   09215.32299065 -.00000250  00000-0  10000-3 0  8877
TLE2=2 08366  14.3533 347.4477 0002727 259.9181 100.1009  1.00279232123422
