VERSION=1.1
NAME=SL-8 R/B
NICKNAME=SL-8 R/B
TLE1=1 08459U 75112B   09215.00529172  .00000006  00000-0  10871-4 0  7170
TLE2=2 08459  74.0618 344.2485 0015928 156.7756 203.4125 14.35884557761412
