VERSION=1.1
NAME=LES 9
NICKNAME=LES 9
TLE1=1 08747U 76023B   09213.84097475 -.00000076  00000-0  10000-3 0  3085
TLE2=2 08747  10.9442 147.1306 0023924 326.0362  33.6525  1.00267879 67885
