VERSION=1.1
NAME=LAGEOS 1
NICKNAME=LAGEOS 1
TLE1=1 08820U 76039A   09214.74142281  .00000029  00000-0  10000-3 0  8150
TLE2=2 08820 109.8236 228.3496 0044848 182.0971 177.9613  6.38664562520017
