VERSION=1.1
NAME=NOAA 5 [-]
NICKNAME=NOAA 5 [-]
TLE1=1 09057U 76077A   09215.49376805 -.00000031  00000-0  10000-3 0   931
TLE2=2 09057 101.9138 256.5601 0009255 261.8241  98.1771 12.37833888492331
