VERSION=1.1
NAME=MARISAT 2
NICKNAME=MARISAT 2
TLE1=1 09478U 76101A   09214.62358843 -.00000175  00000-0  10000-3 0  1684
TLE2=2 09478  13.2437 355.6368 0098575 199.5745 160.1028  0.97592212 63341
