VERSION=1.1
NAME=SL-3 R/B
NICKNAME=SL-3 R/B
TLE1=1 10114U 77057B   09214.77956404  .00000697  00000-0  48191-4 0  9024
TLE2=2 10114  97.4937 110.9055 0016669 189.1819 170.9063 15.08773116748996
