VERSION=1.1
NAME=TRANSAT
NICKNAME=TRANSAT
TLE1=1 10457U 77106A   09215.50617927  .00000072  00000-0  10000-3 0  8893
TLE2=2 10457  89.6772 247.1919 0026154 129.1479 231.2003 13.48264317562342
