VERSION=1.1
NAME=IUE
NICKNAME=IUE
TLE1=1 10637U 78012A   09212.02925901 -.00000101  00000-0  10000-3 0  5169
TLE2=2 10637  43.0246  14.7498 1538974 153.9964 214.6835  1.00054671 67898
