VERSION=1.1
NAME=OSCAR 8 (AO-8)
NICKNAME=OSCAR 8 (AO-8)
TLE1=1 10703U 78026B   09215.55193721  .00000209  00000-0  17443-3 0  5667
TLE2=2 10703  98.8245 258.9952 0007446  45.2414 314.9362 13.98842473602645
