VERSION=1.1
NAME=SL-3 R/B
NICKNAME=SL-3 R/B
TLE1=1 10861U 78045B   09214.58228861  .00001073  00000-0  27229-4 0   815
TLE2=2 10861  81.2021  23.2889 0020630 179.7866 180.3459 15.38475719712458
