VERSION=1.1
NAME=GOES 3 [P]
NICKNAME=GOES 3 [P]
TLE1=1 10953U 78062A   09214.42591501 -.00000120  00000-0  10000-3 0  5875
TLE2=2 10953  14.3761 359.7151 0002700  16.1693 343.8823  1.00265690 67135
