VERSION=1.1
NAME=SEASAT 1
NICKNAME=SEASAT 1
TLE1=1 10967U 78064A   09215.63406431 -.00000088  00000-0  14799-4 0  8846
TLE2=2 10967 108.0184  62.4871 0003155 260.9161  99.1629 14.42151764632017
