VERSION=1.1
NAME=TIROS N [P]
NICKNAME=TIROS N [P]
TLE1=1 11060U 78096A   09215.91507331 -.00000014  00000-0  15547-4 0  2517
TLE2=2 11060  98.9342 186.6679 0009841 240.2437 119.7760 14.17480134805717
