VERSION=1.1
NAME=SL-14 R/B
NICKNAME=SL-14 R/B
TLE1=1 11267U 79011B   09215.59620957  .00000057  00000-0  35512-5 0  8638
TLE2=2 11267  82.5214  58.9746 0019398  56.8737 303.4350 14.87011153648047
