VERSION=1.1
NAME=NOAA 6 [P]
NICKNAME=NOAA 6 [P]
TLE1=1 11416U 79057A   09215.49438292  .00000020  00000-0  23307-4 0  9136
TLE2=2 11416  98.4079 228.9641 0011045 118.3023 241.9295 14.31927102568486
