VERSION=1.1
NAME=SL-8 R/B
NICKNAME=SL-8 R/B
TLE1=1 11574U 79089B   09215.24109294  .00000018  00000-0  14191-4 0  3419
TLE2=2 11574  74.0690 120.8269 0015479  36.6345 323.5865 14.39604317563315
