VERSION=1.1
NAME=SL-14 R/B
NICKNAME=SL-14 R/B
TLE1=1 11672U 80005B   09215.17018668  .00000017  00000-0 -86534-6 0  4721
TLE2=2 11672  82.5132 268.5976 0018666 123.1269 237.1749 14.86062076596186
