VERSION=1.1
NAME=SL-3 R/B
NICKNAME=SL-3 R/B
TLE1=1 11849U 80051B   09214.51915894  .00000286  00000-0  14283-4 0  8958
TLE2=2 11849  97.7056 347.4214 0012681  91.5511 268.7185 15.25590710594734
