VERSION=1.1
NAME=SL-3 R/B
NICKNAME=SL-3 R/B
TLE1=1 11933U 80069B   09214.61626851  .00000498  00000-0  14012-4 0  7587
TLE2=2 11933  81.2212 338.8765 0024472  50.5263 309.8120 15.34081765588289
