VERSION=1.1
NAME=GOES 4 [-]
NICKNAME=GOES 4 [-]
TLE1=1 11964U 80074A   09203.06286847  .00000031  00000-0  10000-3 0  1423
TLE2=2 11964  14.7312   3.4994 0034965 295.6727  64.0045  0.99229188 66374
