VERSION=1.1
NAME=COSMOS 1220
NICKNAME=COSMOS 1220
TLE1=1 12054U 80089A   09214.97321148  .00000752  00000-0  39902-4 0   507
TLE2=2 12054  64.9766 149.7917 0044675 156.7501 203.5663 15.23150262475357
