VERSION=1.1
NAME=SL-8 R/B
NICKNAME=SL-8 R/B
TLE1=1 12139U 81003B   09214.99295715  .00000946  00000-0  54261-4 0  8306
TLE2=2 12139  82.9550  23.5442 0594993  95.1174 271.8169 14.24320478433855
