VERSION=1.1
NAME=ESIAFI 1 (COMSTAR 4)
NICKNAME=ESIAFI 1 (COMSTAR 4)
TLE1=1 12309U 81018A   09211.96525765 -.00000102  00000-0  10000-3 0  2554
TLE2=2 12309  13.9673   9.8436 0004142 281.5889  78.3984  1.00260164105632
