VERSION=1.1
NAME=SL-8 R/B
NICKNAME=SL-8 R/B
TLE1=1 12389U 81033B   09215.27470394  .00001970  00000-0  62143-4 0  4117
TLE2=2 12389  82.9154 281.1509 0409987  37.2766 325.6141 14.77434449443952
