VERSION=1.1
NAME=NOVA I
NICKNAME=NOVA I
TLE1=1 12458U 81044A   09215.62746312  .00000050  00000-0  10000-3 0  8072
TLE2=2 12458  90.0926 116.2708 0015598  19.3820 340.7870 13.22703967362116
