VERSION=1.1
NAME=SL-3 R/B
NICKNAME=SL-3 R/B
TLE1=1 12465U 81046B   09215.14552055  .00000490  00000-0  32822-4 0  8860
TLE2=2 12465  81.2281  63.8625 0038674 137.2134 223.2118 15.04418248534010
