VERSION=1.1
NAME=GOES 5 [-]
NICKNAME=GOES 5 [-]
TLE1=1 12472U 81049A   09215.39964164 -.00000239  00000-0  10000-3 0  1763
TLE2=2 12472  13.7292  13.8948 0001480 172.4987 187.5585  1.00220170 61184
