VERSION=1.1
NAME=NOAA 7 [-]
NICKNAME=NOAA 7 [-]
TLE1=1 12553U 81059A   09215.39573825  .00000012  00000-0  27143-4 0   319
TLE2=2 12553  98.6571 167.8139 0011231 177.8704 182.2520 14.16766870452211
