VERSION=1.1
NAME=METEOR PRIRODA
NICKNAME=METEOR PRIRODA
TLE1=1 12585U 81065A   09215.68839823 -.00000349  00000-0 -19023-4 0  4357
TLE2=2 12585  97.4044 260.0568 0018311 277.7654  82.1488 15.07272852527712
