VERSION=1.1
NAME=SL-3 R/B
NICKNAME=SL-3 R/B
TLE1=1 12904U 81103B   09215.48383201  .00000352  00000-0  27236-4 0  9528
TLE2=2 12904  81.1819 299.1904 0033882 109.7049 250.7776 14.98519721 61440
