VERSION=1.1
NAME=SL-3 R/B
NICKNAME=SL-3 R/B
TLE1=1 13068U 82013B   09215.48514042 -.00000304  00000-0 -25954-4 0  9568
TLE2=2 13068  81.2046 245.1292 0025986  37.0834 323.2156 15.00284631491625
