VERSION=1.1
NAME=SL-3 R/B
NICKNAME=SL-3 R/B
TLE1=1 13154U 82039B   09215.55416376  .00000144  00000-0  11777-4 0  7141
TLE2=2 13154  81.1823 220.0012 0043249 245.1132 114.5585 14.92737786474172
