VERSION=1.1
NAME=LANDSAT 4
NICKNAME=LANDSAT 4
TLE1=1 13367U 82072A   09214.79902939 -.00000096  00000-0 -20685-5 0  1987
TLE2=2 13367  98.1782 132.3209 0017229 180.0957 180.0270 15.02205663451512
