VERSION=1.1
NAME=COSMOS 1400
NICKNAME=COSMOS 1400
TLE1=1 13402U 82079A   09215.59006371  .00000863  00000-0  30192-4 0  8494
TLE2=2 13402  81.1299  67.3457 0007026 326.6802  33.3994 15.28437027476519
