VERSION=1.1
NAME=SL-3 R/B
NICKNAME=SL-3 R/B
TLE1=1 13403U 82079B   09215.18348438 -.00000109  00000-0 -10635-4 0   759
TLE2=2 13403  81.1750 300.7529 0039344 335.7917  24.1478 14.99131993465032
