VERSION=1.1
NAME=LCS 1
NICKNAME=LCS 1
TLE1=1 01361U 65034C   09214.49159214  .00000009  00000-0  10000-3 0  1221
TLE2=2 01361  32.1407  49.1047 0006447 159.3992 200.6770  9.89276586599942
