VERSION=1.1
NAME=SATCOM C5
NICKNAME=SATCOM C5
TLE1=1 13631U 82105A   09214.51350650 -.00000115  00000-0  10000-3 0  6530
TLE2=2 13631  12.6074  31.1199 0001801 249.1588 110.8857  1.00272444 64584
