VERSION=1.1
NAME=IRAS
NICKNAME=IRAS
TLE1=1 13777U 83004A   09215.16789812  .00000017  00000-0  41352-4 0  9288
TLE2=2 13777  99.0644  47.9901 0017637  68.1913 292.1126 14.00069074 24179
