VERSION=1.1
NAME=SL-3 R/B
NICKNAME=SL-3 R/B
TLE1=1 13819U 83010B   09214.64184351  .00000263  00000-0  16560-4 0  5126
TLE2=2 13819  81.1035 249.3744 0039309  99.7699 260.7981 15.05058144439965
