VERSION=1.1
NAME=NOAA 8 [-]
NICKNAME=NOAA 8 [-]
TLE1=1 13923U 83022A   09215.51792938 -.00000028  00000-0  62355-5 0  9261
TLE2=2 13923  98.5575 244.4374 0015494 333.7855  26.2549 14.27708353371609
