VERSION=1.1
NAME=TDRS 1
NICKNAME=TDRS 1
TLE1=1 13969U 83026B   09214.36882399 -.00000305  00000-0  10000-3 0  8971
TLE2=2 13969  13.3748   8.9038 0024995 230.7309 155.4525  1.00272265 69464
