VERSION=1.1
NAME=GOES 6 [-]
NICKNAME=GOES 6 [-]
TLE1=1 14050U 83041A   09214.39816019 -.00000271  00000-0  10000-3 0  1828
TLE2=2 14050  13.3948  18.9891 0001884  44.0088 316.0603  1.00262597154271
