VERSION=1.1
NAME=PHASE 3B (AO-10)
NICKNAME=PHASE 3B (AO-10)
TLE1=1 14129U 83058B   09212.86112528 -.00000349  00000-0  10000-3 0  6828
TLE2=2 14129  25.8229 144.1105 6026521 243.9540  43.5159  2.05873552168573
