VERSION=1.1
NAME=COSMOS 1484
NICKNAME=COSMOS 1484
TLE1=1 14207U 83075A   09215.35391871  .00001409  00000-0  31648-4 0  3782
TLE2=2 14207  97.5409 335.0437 0017266  53.9901 306.2971 15.45096559868654
