VERSION=1.1
NAME=SL-3 R/B
NICKNAME=SL-3 R/B
TLE1=1 14208U 83075B   09214.73226424 -.00000421  00000-0 -26492-4 0  6863
TLE2=2 14208  97.6778 268.4951 0044190 226.9258 132.8270 15.02206018414791
