VERSION=1.1
NAME=COSMOS 1500
NICKNAME=COSMOS 1500
TLE1=1 14372U 83099A   09215.65197110  .00000081  00000-0  37575-5 0  1930
TLE2=2 14372  82.5327 267.3262 0012549 217.0331 143.0029 15.04137215404075
