VERSION=1.1
NAME=SL-8 R/B
NICKNAME=SL-8 R/B
TLE1=1 14484U 83111B   09215.14674548  .00001541  00000-0  48474-4 0  9577
TLE2=2 14484  82.8504 150.1082 0433465 160.6690 201.1521 14.72690943307311
