VERSION=1.1
NAME=COSMOS 1536
NICKNAME=COSMOS 1536
TLE1=1 14699U 84013A   09215.09434861  .00000157  00000-0  10917-4 0  5280
TLE2=2 14699  82.5258 215.8501 0016412  82.9277 277.3812 14.98073114381765
