VERSION=1.1
NAME=UOSAT 2 (UO-11)
NICKNAME=UOSAT 2 (UO-11)
TLE1=1 14781U 84021B   09215.14365637 -.00000278  00000-0 -29732-4 0   232
TLE2=2 14781  98.1047 260.0586 0008918 178.8260 181.2989 14.79725818364774
