VERSION=1.1
NAME=LANDSAT 5
NICKNAME=LANDSAT 5
TLE1=1 14780U 84021A   09215.78169736 -.00000006  00000-0  87314-5 0  9354
TLE2=2 14780  98.2405 282.8382 0002502 345.4066  14.7060 14.57096856352313
