VERSION=1.1
NAME=COSMOS 1544
NICKNAME=COSMOS 1544
TLE1=1 14819U 84027A   09214.87413672 -.00000177  00000-0 -13525-4 0  5665
TLE2=2 14819  82.5297 345.5713 0008995   0.2827 359.8405 15.07837670380410
