VERSION=1.1
NAME=SL-14 R/B
NICKNAME=SL-14 R/B
TLE1=1 14820U 84027B   09215.83032263  .00000057  00000-0  41949-5 0  1480
TLE2=2 14820  82.5434 146.8383 0019389 166.9799 193.1914 14.82097226370035
