VERSION=1.1
NAME=TEMPSAT 1
NICKNAME=TEMPSAT 1
TLE1=1 01512U 65065E   09214.31251297  .00000058  00000-0  10000-3 0  2021
TLE2=2 01512  89.8127 299.5396 0067995 271.4801  87.8544 13.33258758138775
