VERSION=1.1
NAME=CALSPHERE 4(A)
NICKNAME=CALSPHERE 4(A)
TLE1=1 01520U 65065H   09214.67391152  .00000060  00000-0  10000-3 0  3387
TLE2=2 01520  90.1823  84.1010 0068919 195.3321 164.5729 13.35317794140455
