VERSION=1.1
NAME=ERBS
NICKNAME=ERBS
TLE1=1 15354U 84108B   09215.38091398  .00000829  00000-0  58132-4 0  1632
TLE2=2 15354  56.9884 320.4611 0021496 142.8169 217.4367 15.15816156359219
