VERSION=1.1
NAME=NOVA 3
NICKNAME=NOVA 3
TLE1=1 15362U 84110A   09214.92678958  .00000050  00000-0  10000-3 0  9899
TLE2=2 15362  89.9768  50.6585 0029871 234.0166 125.8198 13.22480236197286
