VERSION=1.1
NAME=NOAA 9 [P]
NICKNAME=NOAA 9 [P]
TLE1=1 15427U 84123A   09215.01839559 -.00000008  00000-0  16895-4 0  7714
TLE2=2 15427  98.4422 210.2583 0014077 286.0052  73.9558 14.15325370271584
