VERSION=1.1
NAME=SL-8 R/B
NICKNAME=SL-8 R/B
TLE1=1 15483U 85006B   09214.68674655 -.00000010  00000-0  57875-5 0  8283
TLE2=2 15483  74.0421 228.1626 0019401 199.8818 160.1577 14.35226260283895
