VERSION=1.1
NAME=GSTAR 1
NICKNAME=GSTAR 1
TLE1=1 15677U 85035A   09213.56988547 -.00000107  00000-0  10000-3 0  1652
TLE2=2 15677  10.7833  50.3054 0005613 267.8426  92.1561  1.00272494 63436
