VERSION=1.1
NAME=SL-12 R/B(2)
NICKNAME=SL-12 R/B(2)
TLE1=1 15772U 85042D   09215.58591705 -.00000043  00000-0  19830-5 0   151
TLE2=2 15772  71.1081 278.4052 0036214 193.2102 166.8024 14.20706470253114
