VERSION=1.1
NAME=INTELSAT 511
NICKNAME=INTELSAT 511
TLE1=1 15873U 85055A   09214.07258916  .00000041  00000-0  10000-3 0  4164
TLE2=2 15873  12.0989  38.6836 0011972 292.8279  67.1111  1.00077884 62840
