VERSION=1.1
NAME=OSCAR 24
NICKNAME=OSCAR 24
TLE1=1 15936U 85066B   09214.84642594  .00000155  00000-0  26704-3 0  7718
TLE2=2 15936  90.0396  20.0383 0170853  17.5387 343.1559 13.35160270169053
