VERSION=1.1
NAME=OSCAR 30
NICKNAME=OSCAR 30
TLE1=1 15935U 85066A   09214.96607624  .00000042  00000-0  59880-4 0  4304
TLE2=2 15935  90.0494  23.0031 0170796  14.3065 346.2826 13.35260383166940
