VERSION=1.1
NAME=SL-14 R/B
NICKNAME=SL-14 R/B
TLE1=1 15945U 85069B   09215.79294957  .00000028  00000-0  50115-6 0  1283
TLE2=2 15945  82.5285 301.4083 0021735  39.5430 320.7363 14.82433794294999
