VERSION=1.1
NAME=SL-3 R/B
NICKNAME=SL-3 R/B
TLE1=1 16111U 85090B   09215.40579647  .00000392  00000-0  21482-4 0    65
TLE2=2 16111  97.5897 275.3707 0035710 155.1008 205.1948 15.19688304304274
