VERSION=1.1
NAME=SL-16 R/B
NICKNAME=SL-16 R/B
TLE1=1 16182U 85097B   09215.68300338  .00000046  00000-0  47534-4 0  9206
TLE2=2 16182  71.0028 294.4320 0007048 146.0166 214.1432 14.15956027229296
