VERSION=1.1
NAME=SL-14 R/B
NICKNAME=SL-14 R/B
TLE1=1 16496U 86006B   09215.42150731  .00000087  00000-0  78684-5 0   406
TLE2=2 16496  82.5237 179.4783 0019429 180.0548 180.0668 14.82534178271221
