VERSION=1.1
NAME=SL-14 R/B
NICKNAME=SL-14 R/B
TLE1=1 16792U 86046B   09215.04735501  .00000053  00000-0  36447-5 0  9404
TLE2=2 16792  82.4803  24.2578 0026297  30.6744 329.6008 14.81663240248951
