VERSION=1.1
NAME=SL-14 R/B
NICKNAME=SL-14 R/B
TLE1=1 16882U 86055B   09215.56865027  .00000072  00000-0  61150-5 0  9341
TLE2=2 16882  82.5175  40.9918 0021190 143.5714 216.6937 14.81611800242040
