VERSION=1.1
NAME=JAS-1 (FO-12)
NICKNAME=JAS-1 (FO-12)
TLE1=1 16909U 86061B   09215.54779113 -.00000083  00000-0  10000-3 0  5925
TLE2=2 16909  50.0170  16.2935 0010771 328.6703  31.3484 12.44452845 44876
