VERSION=1.1
NAME=EGP
NICKNAME=EGP
TLE1=1 16908U 86061A   09215.90840685 -.00000083  00000-0  10000-3 0  9752
TLE2=2 16908  50.0117  12.2748 0011016 339.6688  20.3707 12.44462319713541
