VERSION=1.1
NAME=NOAA 10 [-]
NICKNAME=NOAA 10 [-]
TLE1=1 16969U 86073A   09215.12266348 -.00000052  00000-0 -31527-5 0  7118
TLE2=2 16969  98.6901 241.5109 0013172  61.5142 298.7377 14.27391129190205
