VERSION=1.1
NAME=POLAR BEAR
NICKNAME=POLAR BEAR
TLE1=1 17070U 86088A   09215.26553472  .00000035  00000-0  24639-4 0  8317
TLE2=2 17070  89.5446 107.3456 0039965 124.4904 236.0047 13.74339982139100
