VERSION=1.1
NAME=COSMOS 1812
NICKNAME=COSMOS 1812
TLE1=1 17295U 87003A   09214.94452770  .00000706  00000-0  51167-4 0  9768
TLE2=2 17295  82.5216  61.8702 0010832 235.4123 124.6080 15.02435041225755
