VERSION=1.1
NAME=SL-14 R/B
NICKNAME=SL-14 R/B
TLE1=1 17567U 87024B   09215.52006035  .00000046  00000-0  27426-5 0  8349
TLE2=2 17567  82.5281   6.0248 0021418  95.5990 264.7672 14.82179336210468
