VERSION=1.1
NAME=GOES 7 [-]
NICKNAME=GOES 7 [-]
TLE1=1 17561U 87022A   09215.25460809  .00000062  00000-0  10000-3 0   667
TLE2=2 17561  12.1934  36.7497 0002861 185.4561   6.9142  1.00295891 65384
