VERSION=1.1
NAME=COSMOS 1833
NICKNAME=COSMOS 1833
TLE1=1 17589U 87027A   09214.94853585  .00000307  00000-0  19132-3 0  3732
TLE2=2 17589  70.9079 106.5940 0002196 309.9062  50.1865 14.12762555154212
