VERSION=1.1
NAME=SL-16 R/B
NICKNAME=SL-16 R/B
TLE1=1 17590U 87027B   09214.71503094  .00000173  00000-0  11074-3 0  3767
TLE2=2 17590  71.0009  83.5819 0004703 347.1932  12.9054 14.16477361156911
