VERSION=1.1
NAME=SL-14 R/B
NICKNAME=SL-14 R/B
TLE1=1 17912U 87038B   09215.13931568  .00000043  00000-0  24896-5 0  8225
TLE2=2 17912  82.4978 224.4062 0020148 331.8398  28.1738 14.81481987201878
