VERSION=1.1
NAME=COSMOS 1844
NICKNAME=COSMOS 1844
TLE1=1 17973U 87041A   09214.92462910 -.00000186  00000-0 -72334-4 0  3912
TLE2=2 17973  70.8946 211.5739 0029152 120.7005 239.6995 14.13728715146749
