VERSION=1.1
NAME=SL-14 R/B
NICKNAME=SL-14 R/B
TLE1=1 18153U 87055B   09214.83699708  .00000029  00000-0  64168-6 0  8271
TLE2=2 18153  82.4991 280.4369 0021840 179.2419 180.8834 14.81709709192395
