VERSION=1.1
NAME=COSMOS 1867
NICKNAME=COSMOS 1867
TLE1=1 18187U 87060A   09215.48111674 -.00000080  00000-0  75970-5 0  6578
TLE2=2 18187  65.0121 352.4341 0013298 271.0878  88.8664 14.30854322152673
