VERSION=1.1
NAME=OSCAR 29
NICKNAME=OSCAR 29
TLE1=1 18362U 87080B   09215.51059325  .00000069  00000-0  10000-3 0  7098
TLE2=2 18362  90.3264 235.0879 0109791  56.0630 305.0891 13.43700621 72751
