VERSION=1.1
NAME=OSCAR 27
NICKNAME=OSCAR 27
TLE1=1 18361U 87080A   09214.62781026  .00000069  00000-0  10000-3 0  4512
TLE2=2 18361  90.3260 234.9390 0108259  47.7759 313.2504 13.44075062 72868
