VERSION=1.1
NAME=SL-14 R/B
NICKNAME=SL-14 R/B
TLE1=1 18749U 88001B   09215.82750291  .00000044  00000-0  26049-5 0  8361
TLE2=2 18749  82.5139 114.8229 0021187  52.2582 308.0556 14.81651327164667
