VERSION=1.1
NAME=COSMOS 1933
NICKNAME=COSMOS 1933
TLE1=1 18958U 88020A   09215.88683813  .00000068  00000-0  35807-5 0  7238
TLE2=2 18958  82.5323 341.3388 0011901 293.0112  66.9852 14.96735331160764
