VERSION=1.1
NAME=SL-3 R/B
NICKNAME=SL-3 R/B
TLE1=1 19046U 88032B   09215.14183238  .00000532  00000-0  52454-4 0  2490
TLE2=2 19046  97.9018 252.6108 0036767 288.1609  71.5551 14.95924149142035
