VERSION=1.1
NAME=OSCAR 23
NICKNAME=OSCAR 23
TLE1=1 19070U 88033A   09215.43320886  .00000056  00000-0  10000-3 0  6127
TLE2=2 19070  90.2485 186.0454 0188682 228.4847 129.9953 13.27101320 30105
