VERSION=1.1
NAME=OSCAR 32
NICKNAME=OSCAR 32
TLE1=1 19071U 88033B   09215.86952120  .00000057  00000-0  10000-3 0  3114
TLE2=2 19071  90.2494 186.1390 0186849 219.3612 139.3826 13.27310968 30326
