VERSION=1.1
NAME=SL-16 R/B
NICKNAME=SL-16 R/B
TLE1=1 19120U 88039B   09215.38844013  .00000031  00000-0  38001-4 0  7559
TLE2=2 19120  71.0127 277.1455 0024884 271.8629  87.9687 14.18584531 98591
