VERSION=1.1
NAME=COSMOS 1953
NICKNAME=COSMOS 1953
TLE1=1 19210U 88050A   09215.20885186  .00000157  00000-0  11464-4 0  8340
TLE2=2 19210  82.5201 279.5141 0015037 279.6959  80.2568 14.96601239146725
