VERSION=1.1
NAME=NOVA 11
NICKNAME=NOVA 11
TLE1=1 19223U 88052A   09215.23762713  .00000050  00000-0  10000-3 0  4891
TLE2=2 19223  90.0227  90.7664 0029024 277.3064  82.4756 13.22413364 19862
