VERSION=1.1
NAME=SL-8 R/B
NICKNAME=SL-8 R/B
TLE1=1 19257U 88053B   09215.81636947  .00000014  00000-0  13616-4 0  6510
TLE2=2 19257  74.0491  96.0822 0020555 337.5165  22.5081 14.36387251105931
