VERSION=1.1
NAME=OSCAR 25
NICKNAME=OSCAR 25
TLE1=1 19419U 88074A   09214.86260170  .00000067  00000-0  10000-3 0  7004
TLE2=2 19419  89.9126  31.0170 0097458   4.3341 355.8627 13.41807415 25097
