VERSION=1.1
NAME=OSCAR 31
NICKNAME=OSCAR 31
TLE1=1 19420U 88074B   09215.55906174  .00000067  00000-0  10000-3 0  3752
TLE2=2 19420  89.9128  30.9463 0095139 357.0139   3.0415 13.41862435 25282
