VERSION=1.1
NAME=GSTAR 3
NICKNAME=GSTAR 3
TLE1=1 19483U 88081A   09213.48832192 -.00000117  00000-0  10000-3 0  2449
TLE2=2 19483  14.3739  20.5772 0005629 357.8379   2.2049  1.00272878 72811
