VERSION=1.1
NAME=NOAA 11 [-]
NICKNAME=NOAA 11 [-]
TLE1=1 19531U 88089A   09215.30421409  .00000131  00000-0  90651-4 0  7282
TLE2=2 19531  98.7838 304.5297 0011357 338.3637  21.7086 14.14900106 76186
