VERSION=1.1
NAME=TDRS 3
NICKNAME=TDRS 3
TLE1=1 19548U 88091B   09213.03405477 -.00000204  00000-0  10000-3 0  3083
TLE2=2 19548  11.9262  39.4636 0021555 322.0138  45.4094  1.00274715 63594
