VERSION=1.1
NAME=COSMOS 1975
NICKNAME=COSMOS 1975
TLE1=1 19573U 88093A   09215.51705536  .00000012  00000-0 -13068-5 0  6064
TLE2=2 19573  82.5211 224.3531 0015934 296.3167  63.6418 14.95397469129111
