VERSION=1.1
NAME=SL-14 R/B
NICKNAME=SL-14 R/B
TLE1=1 19574U 88093B   09215.23556402  .00000040  00000-0  21356-5 0  8140
TLE2=2 19574  82.5335 309.4796 0020824 220.9142 139.0518 14.81750596123524
