VERSION=1.1
NAME=SL-16 R/B
NICKNAME=SL-16 R/B
TLE1=1 19650U 88102B   09214.81152299 -.00000103  00000-0 -28023-4 0  9325
TLE2=2 19650  71.0004 299.8769 0016010 241.4967 118.4521 14.15517054 69073
