VERSION=1.1
NAME=ASTRA 1A
NICKNAME=ASTRA 1A
TLE1=1 19688U 88109B   09215.23796530 -.00000100  00000-0  10000-3 0  5914
TLE2=2 19688   7.7289  63.7789 0014992 320.8193  39.1177  0.98337214 55519
