VERSION=1.1
NAME=AKEBONO (EXOS-D)
NICKNAME=AKEBONO (EXOS-D)
TLE1=1 19822U 89016A   09214.58775454  .00002783  36042-6  96699-4 0  2972
TLE2=2 19822  75.0970 241.7977 2695366 254.9195  74.0835 10.00416750600109
