VERSION=1.1
NAME=TDRS 4
NICKNAME=TDRS 4
TLE1=1 19883U 89021B   09213.41865451 -.00000291  00000-0  10000-3 0  6284
TLE2=2 19883  10.6026  51.2919 0001204  20.3243 343.2058  1.00281821247173
