VERSION=1.1
NAME=INTERCOSMOS 24
NICKNAME=INTERCOSMOS 24
TLE1=1 20261U 89080A   09214.88672096 -.00000001  00000-0 -23658-5 0  9697
TLE2=2 20261  82.5916  68.9906 1213947 232.8137 115.6039 12.53435130905438
