VERSION=1.1
NAME=SL-14 R/B
NICKNAME=SL-14 R/B
TLE1=1 20262U 89080C   09215.15432994  .00000008  00000-0  34158-6 0  4294
TLE2=2 20262  82.5919  95.6148 1241744 324.8201  27.6664 12.47759936903022
