VERSION=1.1
NAME=INTELSAT 602 (IS-602)
NICKNAME=INTELSAT 602 (IS-602)
TLE1=1 20315U 89087A   09215.36116103  .00000026  00000-0  10000-3 0  9308
TLE2=2 20315   7.0202  65.5542 0000974  35.0495 159.2851  1.00272640 70197
