VERSION=1.1
NAME=DELTA 1 R/B
NICKNAME=DELTA 1 R/B
TLE1=1 20323U 89089B   09215.49903579  .00000014  00000-0  12639-4 0  5285
TLE2=2 20323  97.0642 221.7035 0074662 112.8299 248.0813 14.46752907 38896
