VERSION=1.1
NAME=COBE
NICKNAME=COBE
TLE1=1 20322U 89089A   09215.58297035  .00000061  00000-0  66382-4 0  9658
TLE2=2 20322  98.9895 217.3361 0008884 355.7300   4.3787 14.04372007  9829
