VERSION=1.1
NAME=LEASAT 5
NICKNAME=LEASAT 5
TLE1=1 20410U 90002B   09215.78430635 -.00000318  00000-0  10000-3 0  1653
TLE2=2 20410   8.3972  35.1178 0001085  28.6648 271.0923  1.00272333 56917
