VERSION=1.1
NAME=UOSAT 4 (UO-15)
NICKNAME=UOSAT 4 (UO-15)
TLE1=1 20438U 90005C   09215.90836379 -.00000006  00000-0  14029-4 0  4793
TLE2=2 20438  98.4032 165.5684 0010934  58.1974 302.0270 14.30447830 19290
