VERSION=1.1
NAME=PACSAT (AO-16)
NICKNAME=PACSAT (AO-16)
TLE1=1 20439U 90005D   09214.60508975  .00000003  00000-0  16489-4 0  6664
TLE2=2 20439  98.2823 180.9035 0011701  36.7538 323.4440 14.31829738 19792
