VERSION=1.1
NAME=UOSAT 3 (UO-14)
NICKNAME=UOSAT 3 (UO-14)
TLE1=1 20437U 90005B   09215.44676916 -.00000012  00000-0  11126-4 0  9865
TLE2=2 20437  98.3444 171.8043 0011771  30.5455 329.6411 14.31548570 19816
