VERSION=1.1
NAME=SPOT 2
NICKNAME=SPOT 2
TLE1=1 20436U 90005A   09215.87398117 -.00000023  00000-0  66208-5 0  6024
TLE2=2 20436  98.6634 285.6554 0156159 156.1258 204.7261 14.61888537 12515
