VERSION=1.1
NAME=DOVE (DO-17)
NICKNAME=DOVE (DO-17)
TLE1=1 20440U 90005E   09215.85365186  .00000003  00000-0  16409-4 0  3837
TLE2=2 20440  98.2582 186.7037 0011504  29.2362 330.9467 14.32133745 20112
