VERSION=1.1
NAME=LUSAT (LO-19)
NICKNAME=LUSAT (LO-19)
TLE1=1 20442U 90005G   09215.49290366  .00000058  00000-0  36734-4 0  5820
TLE2=2 20442  98.2448 188.8310 0012340  31.2305 328.9629 14.32065191 20083
