VERSION=1.1
NAME=WEBERSAT (WO-18)
NICKNAME=WEBERSAT (WO-18)
TLE1=1 20441U 90005F   09215.86469692  .00000017  00000-0  21555-4 0  8913
TLE2=2 20441  98.2648 185.3989 0012232  32.5540 327.6398 14.31898246 20042
