VERSION=1.1
NAME=DELTA 2 R/B(1)
NICKNAME=DELTA 2 R/B(1)
TLE1=1 20453U 90008B   09214.50305988  .00000116  00000-0  13617-4 0  5474
TLE2=2 20453  35.6277 229.8232 0376646 127.1953 236.3761 14.59430771 24807
