VERSION=1.1
NAME=SL-14 R/B
NICKNAME=SL-14 R/B
TLE1=1 20466U 90010B   09214.85930222  .00000069  00000-0  60319-5 0  4270
TLE2=2 20466  82.5017 179.7370 0023032  54.1996 306.1360 14.79902273 52067
