VERSION=1.1
NAME=COSMOS 2058
NICKNAME=COSMOS 2058
TLE1=1 20465U 90010A   09215.83709915  .00000274  00000-0  25121-4 0  5350
TLE2=2 20465  82.4928 115.0286 0017083 195.1669 164.9003 14.90981978 56214
