VERSION=1.1
NAME=ORIZURU (DEBUT)
NICKNAME=ORIZURU (DEBUT)
TLE1=1 20479U 90013B   09215.53173142  .00000007  00000-0  80657-4 0  3304
TLE2=2 20479  99.0688 129.1389 0540059  58.1563 307.0925 12.83687678913104
