VERSION=1.1
NAME=JAS-1B (FO-20)
NICKNAME=JAS-1B (FO-20)
TLE1=1 20480U 90013C   09215.81670929 -.00000028  00000-0  22130-5 0  2094
TLE2=2 20480  99.0691 127.6633 0540849  62.6193 302.8855 12.83362236913016
