VERSION=1.1
NAME=SL-14 R/B
NICKNAME=SL-14 R/B
TLE1=1 20511U 90018B   09215.21992885  .00000057  00000-0  46402-5 0  4389
TLE2=2 20511  82.5223 108.3340 0017792 163.8626 196.3161 14.78620952 47057
