VERSION=1.1
NAME=INTELSAT 603 (IS-603)
NICKNAME=INTELSAT 603 (IS-603)
TLE1=1 20523U 90021A   09211.82307100 -.00000167  00000-0  10000-3 0  5005
TLE2=2 20523   6.4948  67.2211 0001330  32.7072 124.9619  1.00270510 63919
