VERSION=1.1
NAME=ASIASAT 1
NICKNAME=ASIASAT 1
TLE1=1 20558U 90030A   09213.23258767 -.00000015  00000-0  10000-3 0  7266
TLE2=2 20558   9.1588  59.7582 0002726 210.7786 149.2582  0.99244299 70520
