VERSION=1.1
NAME=HST
NICKNAME=HST
TLE1=1 20580U 90037B   09214.06437658  .00000264  00000-0  74350-5 0  4282
TLE2=2 20580  28.4686 162.8743 0003333  52.4361 307.6607 15.00819098856756
