VERSION=1.1
NAME=MACSAT 2 (M 2)
NICKNAME=MACSAT 2 (M 2)
TLE1=1 20608U 90043B   09215.49543779  .00000082  00000-0  92489-5 0  7701
TLE2=2 20608  89.7342  80.4619 0096980  98.7818 262.4392 14.71975050 30316
