VERSION=1.1
NAME=SL-16 R/B
NICKNAME=SL-16 R/B
TLE1=1 20625U 90046B   09215.09972463  .00000253  00000-0  15678-3 0  3591
TLE2=2 20625  70.9979  62.1333 0014034 160.1747 199.9908 14.14379603991286
