VERSION=1.1
NAME=ROSAT
NICKNAME=ROSAT
TLE1=1 20638U 90049A   09214.96719599  .00003434  00000-0  47953-4 0  7424
TLE2=2 20638  52.9933 207.3523 0005094 112.8537 247.3041 15.60016261 67113
