VERSION=1.1
NAME=INSAT-1D
NICKNAME=INSAT-1D
TLE1=1 20643U 90051A   09214.07489429 -.00000136  00000-0  10000-3 0  3336
TLE2=2 20643   9.9017  55.7474 0019631  41.0958 319.1176  1.00285521 56959
