VERSION=1.1
NAME=COSMOS 2084
NICKNAME=COSMOS 2084
TLE1=1 20663U 90055A   09215.87983016 -.00000101  00000-0  97012-5 0  5897
TLE2=2 20663  62.7929  49.1700 0100540  23.1225 337.4341 14.85321502 32045
