VERSION=1.1
NAME=SL-6 R/B(2)
NICKNAME=SL-6 R/B(2)
TLE1=1 20666U 90055D   09214.89801676 -.00000134  00000-0  65292-5 0  6568
TLE2=2 20666  62.7880 344.5976 0116821  42.5227 318.4841 14.86395784 33068
