VERSION=1.1
NAME=COSMOS 2085
NICKNAME=COSMOS 2085
TLE1=1 20693U 90061A   09214.02529612 -.00000113  00000-0  10000-3 0  9629
TLE2=2 20693  12.2215  35.3210 0002182 302.7312  57.3024  1.00261168 69708
