VERSION=1.1
NAME=CRRES
NICKNAME=CRRES
TLE1=1 20712U 90065A   09215.69358574 -.00000550  00000-0  22595-3 0  9285
TLE2=2 20712  17.9477  56.3851 7132573  98.8049 340.7800  2.42741096158240
