VERSION=1.1
NAME=EUTELSAT 2-F1
NICKNAME=EUTELSAT 2-F1
TLE1=1 20777U 90079B   09205.33565453 -.00000188  00000-0  10000-3 0  9181
TLE2=2 20777   9.3323  58.9263 0003227 121.0791 239.0095  0.99349948 49458
