VERSION=1.1
NAME=SKYNET 4C
NICKNAME=SKYNET 4C
TLE1=1 20776U 90079A   09213.37978324  .00000021  00000-0  10000-3 0  9723
TLE2=2 20776   9.9432  46.8656 0002864  73.5764 332.5775  1.00270469 69149
