VERSION=1.1
NAME=SL-8 R/B
NICKNAME=SL-8 R/B
TLE1=1 20775U 90078B   09214.89344291  .00002099  00000-0  12266-3 0  9632
TLE2=2 20775  82.9393 180.6343 0728256 327.2823  28.5090 13.98086902942701
