VERSION=1.1
NAME=MOLNIYA 3-39
NICKNAME=MOLNIYA 3-39
TLE1=1 20813U 90084A   09189.90460253  .99999999  89548-5  87463-3 0  3199
TLE2=2 20813  62.3518  44.6063 0346089 278.5755 153.1381 15.91472257138527
