VERSION=1.1
NAME=SBS-6
NICKNAME=SBS-6
TLE1=1 20872U 90091A   09213.67734253  .00000054  00000-0  10000-3 0   871
TLE2=2 20872   1.8948  80.1335 0006418 338.9662  20.8672  0.98990253 57234
