VERSION=1.1
NAME=GALAXY 6
NICKNAME=GALAXY 6
TLE1=1 20873U 90091B   09214.74653241  .00000099  00000-0  10000-3 0  3027
TLE2=2 20873   6.2869  68.0096 0002930  63.8369 296.2487  0.99762902 63316
