VERSION=1.1
NAME=INMARSAT 2-F1
NICKNAME=INMARSAT 2-F1
TLE1=1 20918U 90093A   09215.54120778  .00000101  00000-0  10000-3 0  5275
TLE2=2 20918   6.7118  54.8609 0003173  64.7483 245.4544  1.00275582 65147
