VERSION=1.1
NAME=GSTAR 4
NICKNAME=GSTAR 4
TLE1=1 20946U 90100B   09207.35550507 -.00000197  00000-0  10000-3 0  3052
TLE2=2 20946   6.4638  67.9509 0003187 152.2167 207.8550  0.99145723 63128
