VERSION=1.1
NAME=GPS BIIA-10 (PRN 32)
NICKNAME=GPS BIIA-10 (PRN 32)
TLE1=1 20959U 90103A   09214.45639120 -.00000022  00000-0  10000-3 0  3492
TLE2=2 20959  55.1809 281.1342 0134794 294.4032  64.2980  2.00553370136833
