VERSION=1.1
NAME=INFORMATOR 1 & RS-14
NICKNAME=INFORMATOR 1 & RS-14
TLE1=1 21087U 91006A   09214.88718209  .00000043  00000-0  29171-4 0  3404
TLE2=2 21087  82.9415  11.4233 0035684 151.5473 208.7653 13.75045015928837
