VERSION=1.1
NAME=COSMOS 2123 & RS-12/13
NICKNAME=COSMOS 2123 & RS-12/13
TLE1=1 21089U 91007A   09215.43358079  .00000001  00000-0 -14800-4 0  2243
TLE2=2 21089  82.9186 231.5634 0028507 194.9750 165.0578 13.74487392927689
