VERSION=1.1
NAME=SL-8 R/B
NICKNAME=SL-8 R/B
TLE1=1 21088U 91006B   09214.92092219  .00000083  00000-0  68976-4 0  4744
TLE2=2 21088  82.9420 357.0445 0024320  86.2160 274.1780 13.76746848929933
