VERSION=1.1
NAME=MOLNIYA 1-80
NICKNAME=MOLNIYA 1-80
TLE1=1 21118U 91012A   09214.33396935  .00001390  00000-0  10000-3 0  6661
TLE2=2 21118  61.9783 261.5358 7267171 253.1994  21.7255  2.00477192135264
