VERSION=1.1
NAME=COSMOS 2133
NICKNAME=COSMOS 2133
TLE1=1 21111U 91010A   09213.03455438 -.00000151  00000-0  10000-3 0  1741
TLE2=2 21111  11.3505  41.4360 0003558 358.5806   1.4741  1.00280756 67635
