VERSION=1.1
NAME=INMARSAT 2-F2
NICKNAME=INMARSAT 2-F2
TLE1=1 21149U 91018A   09215.41440225 -.00000145  00000-0  10000-3 0  6289
TLE2=2 21149   6.0243  55.2573 0003515  66.7380 241.2750  1.00271125 67435
