VERSION=1.1
NAME=METEOSAT-5 (MOP-2)
NICKNAME=METEOSAT-5 (MOP-2)
TLE1=1 21140U 91015B   09215.36547987 -.00000200  00000-0  10000-3 0  8637
TLE2=2 21140  11.0219  48.6416 0004707 126.9945 233.1328  0.98452959 69544
