VERSION=1.1
NAME=MOLNIYA 3-40
NICKNAME=MOLNIYA 3-40
TLE1=1 21196U 91022A   09215.28631367  .00001418  00000-0  10000-3 0  9882
TLE2=2 21196  61.7922 243.4779 7252332 255.8535  20.5745  2.00664923134587
