VERSION=1.1
NAME=NOAA 12 [B]
NICKNAME=NOAA 12 [B]
TLE1=1 21263U 91032A   09215.48311461  .00000038  00000-0  34842-4 0  2140
TLE2=2 21263  98.7727 223.5655 0013044  13.6925 346.4605 14.25587729947134
