VERSION=1.1
NAME=OKEAN 3
NICKNAME=OKEAN 3
TLE1=1 21397U 91039A   09215.82329316  .00000102  00000-0  85290-5 0  7232
TLE2=2 21397  82.5251 335.0547 0021634  82.8583 277.5107 14.86838182981954
