VERSION=1.1
NAME=SL-14 R/B
NICKNAME=SL-14 R/B
TLE1=1 21423U 91042B   09215.81518681  .00000023  00000-0  55962-7 0  2298
TLE2=2 21423  82.4934 124.4732 0016664 300.1536  59.8027 14.78399738977731
