VERSION=1.1
NAME=MOLNIYA 1-81
NICKNAME=MOLNIYA 1-81
TLE1=1 21426U 91043A   09215.09018432  .00000104  00000-0  10000-3 0  1201
TLE2=2 21426  62.0112 233.0703 7246202 266.2717  16.2720  2.00619551132846
