VERSION=1.1
NAME=COSMOS 2151
NICKNAME=COSMOS 2151
TLE1=1 21422U 91042A   09215.11197532  .00000400  00000-0  41325-4 0  3530
TLE2=2 21422  82.5007  91.9365 0016814 134.3023 225.9575 14.87490475980533
