VERSION=1.1
NAME=GPS BIIA-11 (PRN 24)
NICKNAME=GPS BIIA-11 (PRN 24)
TLE1=1 21552U 91047A   09214.16222100  .00000066  00000-0  10000-3 0  3648
TLE2=2 21552  54.4574 219.1453 0067797 322.1069  37.4484  2.00563270132416
