VERSION=1.1
NAME=ORBCOMM-X [-]
NICKNAME=ORBCOMM-X [-]
TLE1=1 21576U 91050C   09215.51055647  .00000021  00000-0  20751-4 0   810
TLE2=2 21576  98.4694 167.2578 0002702 253.2647 106.8256 14.39957553947356
