VERSION=1.1
NAME=TUBSAT A
NICKNAME=TUBSAT A
TLE1=1 21577U 91050D   09214.92052816  .00000015  00000-0  19269-4 0  5393
TLE2=2 21577  98.4650 161.2501 0005358 269.6382  90.4188 14.38535770946922
