VERSION=1.1
NAME=ERS 1
NICKNAME=ERS 1
TLE1=1 21574U 91050A   09215.60235967 -.00000026  00000-0  51365-5 0  5179
TLE2=2 21574  98.1581 231.2372 0033181 289.4088  70.3496 14.35680907944894
