VERSION=1.1
NAME=UOSAT 5 (UO-22)
NICKNAME=UOSAT 5 (UO-22)
TLE1=1 21575U 91050B   09214.95716877 -.00000006  00000-0  12094-4 0  6108
TLE2=2 21575  98.4476 163.2224 0006598 235.0566 125.0009 14.39680219947432
