VERSION=1.1
NAME=SARA
NICKNAME=SARA
TLE1=1 21578U 91050E   09214.78141436  .00000057  00000-0  25685-4 0  5985
TLE2=2 21578  98.2274 184.8474 0004439  45.6774 314.4784 14.50462649951171
