VERSION=1.1
NAME=ARIANE 40 R/B
NICKNAME=ARIANE 40 R/B
TLE1=1 21610U 91050F   09215.10827982  .00000058  00000-0  33281-4 0   871
TLE2=2 21610  98.6392 180.9619 0002403 206.8525 153.2540 14.39084517946359
