VERSION=1.1
NAME=TDRS 5
NICKNAME=TDRS 5
TLE1=1 21639U 91054B   09214.42319216  .00000095  00000-0  10000-3 0  4852
TLE2=2 21639   9.9615  55.0566 0009524 339.1217 261.6643  1.00268055 65923
