VERSION=1.1
NAME=INTELSAT 605 (IS-605)
NICKNAME=INTELSAT 605 (IS-605)
TLE1=1 21653U 91055A   09213.69805418  .00000085  00000-0  00000-0 0  8074
TLE2=2 21653   4.5536  72.8278 0001602 200.5849 159.4176  0.99323095 65759
