VERSION=1.1
NAME=MOLNIYA 3-41
NICKNAME=MOLNIYA 3-41
TLE1=1 21706U 91065A   09214.59973638 -.00000331  00000-0 -38037-4 0  4015
TLE2=2 21706  62.3455  54.2054 7486600 276.5689  11.3114  2.00547201130979
