VERSION=1.1
NAME=UARS
NICKNAME=UARS
TLE1=1 21701U 91063B   09215.23196454  .00002021  00000-0  32995-4 0  7301
TLE2=2 21701  56.9719 158.0917 0068835 263.6807  95.6410 15.55638432986542
