VERSION=1.1
NAME=ANIK E1
NICKNAME=ANIK E1
TLE1=1 21726U 91067A   09211.87299140 -.00000235  00000-0  10000-3 0  1799
TLE2=2 21726   5.8707  70.0292 0002960 181.9585 178.0537  0.99173509 56130
