VERSION=1.1
NAME=INTELSAT 601 (IS-601)
NICKNAME=INTELSAT 601 (IS-601)
TLE1=1 21765U 91075A   09214.90622522  .00000117  00000-0  10000-3 0  8157
TLE2=2 21765   4.5940  71.7291 0000529  25.4439 228.1685  1.00273940 64889
