VERSION=1.1
NAME=EUTELSAT 2-F3
NICKNAME=EUTELSAT 2-F3
TLE1=1 21803U 91083A   09213.62533223  .00000046  00000-0  10000-3 0  7505
TLE2=2 21803   8.5259  61.8829 0001456  71.5161 288.5121  0.99293949 60463
