VERSION=1.1
NAME=INTERCOSMOS 25
NICKNAME=INTERCOSMOS 25
TLE1=1 21819U 91086A   09215.86599994 -.00000257  00000-0 -58042-4 0  8494
TLE2=2 21819  82.5594 342.5351 1549964  52.9291 320.3656 11.99015740767085
