VERSION=1.1
NAME=SL-14 R/B
NICKNAME=SL-14 R/B
TLE1=1 21820U 91086B   09214.91633701  .00000167  00000-0  27117-4 0  7324
TLE2=2 21820  82.5602  10.7685 1588915 148.1715 222.6276 11.90857619764235
