VERSION=1.1
NAME=SL-8 R/B
NICKNAME=SL-8 R/B
TLE1=1 21876U 92008B   09215.73986505  .00000057  00000-0  43294-4 0  5751
TLE2=2 21876  82.9257  93.0955 0035486 133.8950 226.5144 13.75371031876236
