VERSION=1.1
NAME=GPS BIIA-12 (PRN 25)
NICKNAME=GPS BIIA-12 (PRN 25)
TLE1=1 21890U 92009A   09215.66123983 -.00000059  00000-0  10000-3 0  3718
TLE2=2 21890  55.6120  30.8231 0113801 290.1044  68.7097  2.00567004127823
