VERSION=1.1
NAME=GALAXY 5
NICKNAME=GALAXY 5
TLE1=1 21906U 92013A   09211.92963642 -.00000306  00000-0  10000-3 0  9395
TLE2=2 21906   4.3416  72.9701 0013301 285.9691  73.8738  0.99292289 55198
