VERSION=1.1
NAME=GORIZONT 25
NICKNAME=GORIZONT 25
TLE1=1 21922U 92017A   09215.06899296  .00000051  00000-0  10000-3 0  2309
TLE2=2 21922  11.5921  41.8962 0027235 301.2414  58.5665  0.99841841 63414
