VERSION=1.1
NAME=SL-8 R/B
NICKNAME=SL-8 R/B
TLE1=1 21938U 92020B   09214.89786483  .00000077  00000-0  64603-4 0  6180
TLE2=2 21938  82.9285 334.6796 0028076 295.2265  64.5981 13.75034920868123
