VERSION=1.1
NAME=INMARSAT 2-F4
NICKNAME=INMARSAT 2-F4
TLE1=1 21940U 92021B   09215.96278200 -.00000357  00000-0  10000-3 0  3489
TLE2=2 21940   4.6392  50.1465 0001979  75.0866 283.0464  1.00272397 63323
