VERSION=1.1
NAME=SAMPEX
NICKNAME=SAMPEX
TLE1=1 22012U 92038A   09215.60023400  .00001318  00000-0  31702-4 0  9687
TLE2=2 22012  81.6365 249.4520 0048151 104.2637 256.3961 15.39097884941703
