VERSION=1.1
NAME=GPS BIIA-14 (PRN 26)
NICKNAME=GPS BIIA-14 (PRN 26)
TLE1=1 22014U 92039A   09214.37412031 -.00000111  00000-0  10000-3 0  2934
TLE2=2 22014  56.8723 339.5276 0201527  58.8169 303.1422  2.00420180118564
