VERSION=1.1
NAME=EUTELSAT 2-F4
NICKNAME=EUTELSAT 2-F4
TLE1=1 22028U 92041B   09207.36963449 -.00000230  00000-0  10000-3 0  1848
TLE2=2 22028   7.7127  65.1488 0005299  85.4468 274.6719  0.99081513 55105
