VERSION=1.1
NAME=GORIZONT 26
NICKNAME=GORIZONT 26
TLE1=1 22041U 92043A   09214.46860908 -.00000138  00000-0  10000-3 0  8620
TLE2=2 22041  11.4525  43.2791 0029932 104.0161 256.3923  0.99241263 62333
