VERSION=1.1
NAME=S80/T
NICKNAME=S80/T
TLE1=1 22078U 92052C   09214.45324963 -.00000037  00000-0  10000-3 0  7396
TLE2=2 22078  66.0832 223.2362 0016903 266.4426  93.4665 12.86726399797699
