VERSION=1.1
NAME=KITSAT 1 (KO-23)
NICKNAME=KITSAT 1 (KO-23)
TLE1=1 22077U 92052B   09215.09628550 -.00000037  00000-0  10000-3 0  8149
TLE2=2 22077  66.0821 228.4053 0015610 267.8282  92.0943 12.86449210797552
