VERSION=1.1
NAME=TOPEX/POSEIDON
NICKNAME=TOPEX/POSEIDON
TLE1=1 22076U 92052A   09215.48204418 -.00000038  00000-0  10000-3 0  3904
TLE2=2 22076  66.0321 332.4702 0007611 263.2426  96.7723 12.80947927794304
