VERSION=1.1
NAME=GPS BIIA-15 (PRN 27)
NICKNAME=GPS BIIA-15 (PRN 27)
TLE1=1 22108U 92058A   09214.35887183 -.00000059  00000-0  10000-3 0  1740
TLE2=2 22108  55.8728  32.9751 0215069 270.2058  87.3644  2.00553613123748
