VERSION=1.1
NAME=SATCOM C3
NICKNAME=SATCOM C3
TLE1=1 22117U 92060B   09215.22054315 -.00000242  00000-0  10000-3 0  1736
TLE2=2 22117   4.4979  71.8876 0001662  50.6425 189.7224  1.00270580 61847
