VERSION=1.1
NAME=MOLNIYA 3-42
NICKNAME=MOLNIYA 3-42
TLE1=1 22178U 92067A   09214.96418016  .00000186  00000-0 -62089-2 0  7233
TLE2=2 22178  61.9328 186.6271 7234385 264.4435  17.0390  2.00597721123113
