VERSION=1.1
NAME=HELLAS SAT 1 (DFS 3)
NICKNAME=HELLAS SAT 1 (DFS 3)
TLE1=1 22175U 92066A   09214.97858192 -.00000339  00000-0  10000-3 0  3911
TLE2=2 22175   7.0210  65.8817 0002212 340.4143  19.6472  0.99732267 59143
