VERSION=1.1
NAME=LAGEOS 2
NICKNAME=LAGEOS 2
TLE1=1 22195U 92070B   09215.72632942 -.00000009  00000-0  10000-3 0   275
TLE2=2 22195  52.6360 200.8209 0137204  13.6881 346.7351  6.47294595396747
