VERSION=1.1
NAME=SL-16 R/B
NICKNAME=SL-16 R/B
TLE1=1 22220U 92076B   09215.36617677 -.00000209  00000-0 -81280-4 0  9561
TLE2=2 22220  70.9997 349.1215 0013758 325.0554  34.9655 14.16145610863743
