VERSION=1.1
NAME=GORIZONT 27
NICKNAME=GORIZONT 27
TLE1=1 22245U 92082A   09214.86764956 -.00000301  00000-0  10000-3 0  4717
TLE2=2 22245  11.3628  44.3840 0013788 222.7228 137.2395  1.00208611 65418
