VERSION=1.1
NAME=COSMOS 2224
NICKNAME=COSMOS 2224
TLE1=1 22269U 92088A   09205.31623289 -.00000095  00000-0  10000-3 0  5702
TLE2=2 22269  10.4887  47.2610 0002668 105.9062 254.1947  1.00269350 60280
