VERSION=1.1
NAME=SL-16 R/B
NICKNAME=SL-16 R/B
TLE1=1 22285U 92093B   09215.32720446  .00000123  00000-0  88524-4 0  9714
TLE2=2 22285  71.0219 121.6833 0005291 204.7484 155.3354 14.14741198855915
