VERSION=1.1
NAME=COSMOS 2228
NICKNAME=COSMOS 2228
TLE1=1 22286U 92094A   09215.89870229  .00000104  00000-0  98016-5 0  4625
TLE2=2 22286  82.5194 193.1864 0020194 264.2596  95.6320 14.83050731895899
