VERSION=1.1
NAME=TDRS 6
NICKNAME=TDRS 6
TLE1=1 22314U 93003B   09212.50836883  .00000082  00000-0  10000-3 0  5127
TLE2=2 22314   9.3101  58.1446 0007473 359.2917 263.8245  1.00263474 60624
