VERSION=1.1
NAME=SL-16 R/B
NICKNAME=SL-16 R/B
TLE1=1 22566U 93016B   09215.50666947  .00000167  00000-0  11168-3 0  7026
TLE2=2 22566  71.0094 339.4814 0010683 194.5111 165.5695 14.14651188844693
