VERSION=1.1
NAME=COSMOS 2242
NICKNAME=COSMOS 2242
TLE1=1 22626U 93024A   09215.47851009  .00000117  00000-0  11461-4 0  5630
TLE2=2 22626  82.5192 221.2358 0018775 266.7150  93.1932 14.83204734879462
