VERSION=1.1
NAME=ARASENE (AO-24)
NICKNAME=ARASENE (AO-24)
TLE1=1 22654U 93031B   09214.83806266 -.00000146  00000-0  10000-3 0  2854
TLE2=2 22654   5.0263 336.5692 2869285 163.4323 208.6969  1.42205660 79780
