VERSION=1.1
NAME=ASTRA 1C
NICKNAME=ASTRA 1C
TLE1=1 22653U 93031A   09213.47690203  .00000004  00000-0  10000-3 0  4443
TLE2=2 22653   2.6965  77.1477 0004149  36.7787   9.9645  1.00273607 54511
