VERSION=1.1
NAME=MOLNIYA 1-86
NICKNAME=MOLNIYA 1-86
TLE1=1 22671U 93035A   09213.63254091  .00000015  00000-0  13508-3 0  1553
TLE2=2 22671  62.0662 136.2836 7315792 270.0213  14.4394  2.03224293118945
