VERSION=1.1
NAME=RADCAL
NICKNAME=RADCAL
TLE1=1 22698U 93041A   09215.53295891  .00000012  00000-0 -51660-6 0  3962
TLE2=2 22698  89.5321  24.6638 0089998 161.4385 199.0160 14.22819403836004
