VERSION=1.1
NAME=GPS BIIA-21 (PRN 09)
NICKNAME=GPS BIIA-21 (PRN 09)
TLE1=1 22700U 93042A   09214.38627403 -.00000056  00000-0  10000-3 0  5327
TLE2=2 22700  55.9795  34.3626 0204624  86.1322 276.2510  2.00568859117901
