VERSION=1.1
NAME=INSAT-2B
NICKNAME=INSAT-2B
TLE1=1 22724U 93048B   09214.12421530  .00000027  00000-0  10000-3 0  2564
TLE2=2 22724   8.0301  62.9593 0015575  48.5823 311.6114  0.99958517 58977
