VERSION=1.1
NAME=MOLNIYA 3-45
NICKNAME=MOLNIYA 3-45
TLE1=1 22729U 93049A   09214.04350943 -.00001191  00000-0  00000-0 0  8623
TLE2=2 22729  62.5370 277.2100 7339133 253.1384  21.0624  2.00773931117175
