VERSION=1.1
NAME=NOAA 13 [-]
NICKNAME=NOAA 13 [-]
TLE1=1 22739U 93050A   09215.24288314  .00000020  00000-0  34815-4 0  7804
TLE2=2 22739  98.8667 294.8644 0010460  67.9700 292.2579 14.12222639823603
