VERSION=1.1
NAME=ACTS
NICKNAME=ACTS
TLE1=1 22796U 93058B   09213.58981346 -.00000104  00000-0  10000-3 0  6739
TLE2=2 22796   9.5312  57.2657 0006521  20.3763 339.7095  1.00273378 65104
