VERSION=1.1
NAME=SL-16 R/B
NICKNAME=SL-16 R/B
TLE1=1 22803U 93059B   09214.95655366  .00000274  00000-0  16128-3 0  9211
TLE2=2 22803  70.9881 186.8393 0015575  83.8893 276.4009 14.16544125821091
