VERSION=1.1
NAME=STELLA
NICKNAME=STELLA
TLE1=1 22824U 93061B   09215.21288278  .00000072  00000-0  46692-4 0  3378
TLE2=2 22824  98.4775 162.1214 0006712 154.8102 205.3409 14.27284860825891
