VERSION=1.1
NAME=POSAT (PO-28)
NICKNAME=POSAT (PO-28)
TLE1=1 22829U 93061G   09214.95681335  .00000064  00000-0  40890-4 0  2738
TLE2=2 22829  98.4196 168.6734 0010718  92.1072 268.1343 14.30220737826984
