VERSION=1.1
NAME=EYESAT-1 (AO-27)
NICKNAME=EYESAT-1 (AO-27)
TLE1=1 22825U 93061C   09214.97962196 -.00000070  00000-0 -10761-4 0  3052
TLE2=2 22825  98.4382 166.9364 0009240 123.4178 236.7895 14.29270059826590
