VERSION=1.1
NAME=KITSAT 2 (KO-25)
NICKNAME=KITSAT 2 (KO-25)
TLE1=1 22828U 93061F   09214.91609490  .00000029  00000-0  27696-4 0  2397
TLE2=2 22828  98.4243 167.4982 0010882  96.4506 263.7935 14.29822238794961
