VERSION=1.1
NAME=ITAMSAT (IO-26)
NICKNAME=ITAMSAT (IO-26)
TLE1=1 22826U 93061D   09215.52153278  .00000012  00000-0  21064-4 0   349
TLE2=2 22826  98.4332 168.1898 0009783 117.5351 242.6832 14.29522815826778
