VERSION=1.1
NAME=HEALTHSAT 1
NICKNAME=HEALTHSAT 1
TLE1=1 22827U 93061E   09215.47597048 -.00000054  00000-0 -44776-5 0  3180
TLE2=2 22827  98.4270 169.3399 0009888  95.4336 264.7983 14.30165954826986
