VERSION=1.1
NAME=ARIANE 40 R/B
NICKNAME=ARIANE 40 R/B
TLE1=1 22830U 93061H   09215.36971093 -.00000008  00000-0  13719-4 0  7957
TLE2=2 22830  98.5766 164.2489 0011966  66.0335 294.2102 14.30481651827110
