VERSION=1.1
NAME=GPS BIIA-23 (PRN 04)
NICKNAME=GPS BIIA-23 (PRN 04)
TLE1=1 22877U 93068A   09215.02434863  .00000056  00000-0  10000-3 0  8409
TLE2=2 22877  53.8742 216.4720 0086612  26.8348 333.6353  2.00551196115566
