VERSION=1.1
NAME=INTELSAT 701 (IS-701)
NICKNAME=INTELSAT 701 (IS-701)
TLE1=1 22871U 93066A   09215.43127326  .00000048  00000-0  10000-3 0  3911
TLE2=2 22871   0.0136  72.5390 0004292  73.5958 141.2174  1.00272363 57671
