VERSION=1.1
NAME=GORIZONT 28
NICKNAME=GORIZONT 28
TLE1=1 22880U 93069A   09214.90030994  .00000014  00000-0  10000-3 0  2179
TLE2=2 22880  10.8932  47.7092 0032329 359.8074 302.6115  0.99645980 57728
