VERSION=1.1
NAME=GORIZONT 29
NICKNAME=GORIZONT 29
TLE1=1 22907U 93072A   09213.93222472 -.00000374  00000-0  10000-3 0  6836
TLE2=2 22907  10.8632  47.8096 0012308 205.5667 154.4249  1.00140321 57486
