VERSION=1.1
NAME=METEOSAT-6 (MOP-3)
NICKNAME=METEOSAT-6 (MOP-3)
TLE1=1 22912U 93073B   09213.95372375 -.00000032  00000-0  10000-3 0  1851
TLE2=2 22912   8.4772  59.3395 0000818   1.0839 301.2073  1.00275821 55921
