VERSION=1.1
NAME=SOLIDARIDAD 1
NICKNAME=SOLIDARIDAD 1
TLE1=1 22911U 93073A   09214.59341866 -.00000121  00000-0  10000-3 0  2076
TLE2=2 22911   8.0116  62.9369 0003794  73.4477 286.6590  1.00268052 56127
