VERSION=1.1
NAME=NATO 4B
NICKNAME=NATO 4B
TLE1=1 22921U 93076A   09215.18251331  .00000140  00000-0  10000-3 0  1926
TLE2=2 22921   7.8781  52.2249 0002594  67.4820 292.6452  1.00278365 57363
