VERSION=1.1
NAME=THAICOM 1
NICKNAME=THAICOM 1
TLE1=1 22931U 93078B   09215.61471095 -.00000367  00000-0  10000-3 0  4316
TLE2=2 22931   0.4452  75.2899 0001146 170.8300  47.4165  1.00267793 56794
