VERSION=1.1
NAME=MOLNIYA 1-87
NICKNAME=MOLNIYA 1-87
TLE1=1 22949U 93079A   09214.78140471  .00000895  00000-0  10000-3 0  3600
TLE2=2 22949  63.8760  53.1021 7244440 249.2130  24.2325  2.00755382114451
