VERSION=1.1
NAME=TUBSAT B
NICKNAME=TUBSAT B
TLE1=1 22970U 94003B   09215.77091941  .00000051  00000-0  10000-3 0  1218
TLE2=2 22970  82.5623 116.0789 0016919 125.6505 234.6230 13.16914038746249
