VERSION=1.1
NAME=GPS BIIA-24 (PRN 06)
NICKNAME=GPS BIIA-24 (PRN 06)
TLE1=1 23027U 94016A   09214.72810435 -.00000029  00000-0  10000-3 0  8568
TLE2=2 23027  53.5120 153.5471 0061447 284.8792  74.4121  2.00560095112864
