VERSION=1.1
NAME=GOES 8 [-]
NICKNAME=GOES 8 [-]
TLE1=1 23051U 94022A   09214.04534316 -.00000113  00000-0  10000-3 0  8854
TLE2=2 23051   5.8635  72.9964 0005782 154.2231 205.8302  0.98904452 63175
