VERSION=1.1
NAME=SL-16 R/B
NICKNAME=SL-16 R/B
TLE1=1 23088U 94023B   09215.49368844 -.00000261  00000-0 -11154-3 0  5950
TLE2=2 23088  70.9960 194.4834 0003595 178.4047 181.7105 14.14452118789031
