VERSION=1.1
NAME=COSMOS 2278
NICKNAME=COSMOS 2278
TLE1=1 23087U 94023A   09215.59640128 -.00000050  00000-0 -13676-5 0  6059
TLE2=2 23087  71.0538 244.6107 0010850 281.0173  78.9727 14.13303817788291
