VERSION=1.1
NAME=GORIZONT 30
NICKNAME=GORIZONT 30
TLE1=1 23108U 94030A   09211.32844539 -.00000152  00000-0  10000-3 0  5046
TLE2=2 23108  10.7046  49.1491 0001961 146.7300 213.3293  1.00284565 55666
