VERSION=1.1
NAME=INTELSAT 702 (IS-702)
NICKNAME=INTELSAT 702 (IS-702)
TLE1=1 23124U 94034A   09210.73773611 -.00000008  00000-0  10000-3 0  2524
TLE2=2 23124   0.0097 349.6852 0002223 142.8749 146.5268  1.00272669 69540
