VERSION=1.1
NAME=STRV 1B
NICKNAME=STRV 1B
TLE1=1 23126U 94034C   09215.56212810  .00003391  00000-0  49050-3 0  4864
TLE2=2 23126   7.4957   7.0124 6798052  90.1774 341.5074  2.92512578143033
