VERSION=1.1
NAME=STRV 1A
NICKNAME=STRV 1A
TLE1=1 23125U 94034B   09215.37755279 -.00000385  00000-0 -11991-3 0  4734
TLE2=2 23125   7.3539  59.5406 6840115 343.9214   2.2460  2.85093006140790
