VERSION=1.1
NAME=INTELSAT 2 (IS-2)
NICKNAME=INTELSAT 2 (IS-2)
TLE1=1 23175U 94040A   09215.46488943 -.00000035  00000-0  10000-3 0  4794
TLE2=2 23175   0.5742  83.2329 0002786  17.2318 188.1660  1.00273049 54500
