VERSION=1.1
NAME=BS-3N
NICKNAME=BS-3N
TLE1=1 23176U 94040B   09215.70290634 -.00000355  00000-0  10000-3 0   386
TLE2=2 23176   0.0885 275.0445 0003596 130.2586 270.0299  1.00268921 55005
