VERSION=1.1
NAME=APSTAR 1
NICKNAME=APSTAR 1
TLE1=1 23185U 94043A   09215.31340639 -.00000275  00000-0  10000-3 0  2436
TLE2=2 23185   4.5288  71.8060 0000704  55.0697  79.9426  1.00268090 55051
