VERSION=1.1
NAME=DIRECTV 2 (DBS 2)
NICKNAME=DIRECTV 2 (DBS 2)
TLE1=1 23192U 94047A   09214.97107794 -.00000225  00000-0  10000-3 0  4811
TLE2=2 23192   2.5062  77.0382 0009234 193.9168 166.0355  0.98636788 64894
