VERSION=1.1
NAME=BRASILSAT B1
NICKNAME=BRASILSAT B1
TLE1=1 23199U 94049A   09214.40431329 -.00000277  00000-0  10000-3 0  3076
TLE2=2 23199   2.2610  77.8835 0001609  64.7855 245.8071  1.00265394 65734
