VERSION=1.1
NAME=OPTUS B3
NICKNAME=OPTUS B3
TLE1=1 23227U 94055A   09215.32580538 -.00000081  00000-0  10000-3 0  3820
TLE2=2 23227   1.5648  79.0694 0005131  35.9388 118.2891  1.00272670 54670
