VERSION=1.1
NAME=NSS-703
NICKNAME=NSS-703
TLE1=1 23305U 94064A   09214.82657899  .00000066  00000-0  10000-3 0  9767
TLE2=2 23305   0.0162 304.3295 0002669 200.2241 161.5360  1.00273366 54395
