VERSION=1.1
NAME=SOLIDARIDAD 2
NICKNAME=SOLIDARIDAD 2
TLE1=1 23313U 94065A   09215.44395690 -.00000031  00000-0  10000-3 0  3907
TLE2=2 23313   1.3531  79.6299 0002255  48.0585 229.3705  1.00273017 54269
