VERSION=1.1
NAME=EXPRESS 1
NICKNAME=EXPRESS 1
TLE1=1 23319U 94067A   09212.94633314 -.00000358  00000-0  10000-3 0  7282
TLE2=2 23319   8.2088  62.3099 0003110  44.1514 315.9222  0.99830772 54063
