VERSION=1.1
NAME=THAICOM 2
NICKNAME=THAICOM 2
TLE1=1 23314U 94065B   09215.78007321 -.00000126  00000-0  10000-3 0  3215
TLE2=2 23314   0.0473  14.4604 0002817 203.8798  93.4392  1.00271830 54240
