VERSION=1.1
NAME=ASTRA 1D
NICKNAME=ASTRA 1D
TLE1=1 23331U 94070A   09206.00000000  .00000141  00000-0  00000+0 0  9163
TLE2=2 23331   1.7690  77.6080 0002204  24.9020 231.5840  1.00267077 54417
