VERSION=1.1
NAME=SL-16 R/B
NICKNAME=SL-16 R/B
TLE1=1 23343U 94074B   09215.82393201 -.00000000  00000-0  75409-5 0  5430
TLE2=2 23343  98.0293 181.1309 0006091 278.0891  81.9632 14.74986341792882
