VERSION=1.1
NAME=SL-16 R/B
NICKNAME=SL-16 R/B
TLE1=1 23405U 94077B   09214.91067000 -.00000048  00000-0  00000-0 0  1298
TLE2=2 23405  70.9718 139.3155 0002840 329.2664  30.8288 14.14917682758777
