VERSION=1.1
NAME=MOLNIYA 1-88
NICKNAME=MOLNIYA 1-88
TLE1=1 23420U 94081A   09213.89581572 -.00000528  00000-0 -63389-4 0  9768
TLE2=2 23420  62.0112 227.9563 7355321 262.8434  16.5860  2.02213042107329
