VERSION=1.1
NAME=RADIO ROSTO (RS-15)
NICKNAME=RADIO ROSTO (RS-15)
TLE1=1 23439U 94085A   09214.89755328 -.00000039  00000-0  10000-3 0  2271
TLE2=2 23439  64.8133 189.2802 0148870  42.7032 318.5351 11.27553375601387
