VERSION=1.1
NAME=RADUGA 32
NICKNAME=RADUGA 32
TLE1=1 23448U 94087A   09214.06332732 -.00000139  00000-0  10000-3 0  1755
TLE2=2 23448  10.3304  51.8723 0006089 122.3844 237.7427  1.00281233 71142
