VERSION=1.1
NAME=NOAA 14 [-]
NICKNAME=NOAA 14 [-]
TLE1=1 23455U 94089A   09215.02210581 -.00000221  00000-0 -93388-4 0  7108
TLE2=2 23455  98.9068 292.5346 0010158  61.9892 298.2292 14.13766460752547
