VERSION=1.1
NAME=INTELSAT 704 (IS-704)
NICKNAME=INTELSAT 704 (IS-704)
TLE1=1 23461U 95001A   09214.70938187 -.00000289  00000-0  10000-3 0  9871
TLE2=2 23461   0.2415  70.1149 0002093  51.8823 238.0071  0.99184797 53365
