VERSION=1.1
NAME=INTELSAT 705 (IS-705)
NICKNAME=INTELSAT 705 (IS-705)
TLE1=1 23528U 95013A   09214.26644920 -.00000288  00000-0  10000-3 0  8876
TLE2=2 23528   0.0361 253.6022 0002438 229.1575 234.1271  1.00269362 52534
