VERSION=1.1
NAME=HIMAWARI-5 (GMS-5)
NICKNAME=HIMAWARI-5 (GMS-5)
TLE1=1 23522U 95011B   09211.75280196  .00000027  00000-0  10000-3 0  3268
TLE2=2 23522   7.6280  62.3734 0007578 341.6204  18.3788  0.99406980 52378
