VERSION=1.1
NAME=BRASILSAT B2
NICKNAME=BRASILSAT B2
TLE1=1 23536U 95016A   09215.44875490 -.00000175  00000-0  10000-3 0   571
TLE2=2 23536   1.4392  81.2084 0002416  47.6382 252.8205  1.00272174 52618
