VERSION=1.1
NAME=ORBCOMM FM01 [-]
NICKNAME=ORBCOMM FM01 [-]
TLE1=1 23545U 95017A   09215.57111584  .00000245  00000-0  63344-4 0  2673
TLE2=2 23545  69.9693  33.5508 0009011 184.9641 175.1411 14.61255825760991
