VERSION=1.1
NAME=ORBCOMM FM02 [+]
NICKNAME=ORBCOMM FM02 [+]
TLE1=1 23546U 95017B   09215.53561511  .00000151  00000-0  44361-4 0  3203
TLE2=2 23546  69.9747  35.6034 0009181 168.3837 191.7498 14.61204763761007
