VERSION=1.1
NAME=ORBVIEW 1 (MICROLAB)
NICKNAME=ORBVIEW 1 (MICROLAB)
TLE1=1 23547U 95017C   09214.71717111  .00000056  00000-0  27654-4 0   311
TLE2=2 23547  69.9818  96.0612 0012271 204.7902 155.2663 14.55500271759385
