VERSION=1.1
NAME=AMSC 1
NICKNAME=AMSC 1
TLE1=1 23553U 95019A   09213.13713968 -.00000123  00000-0  00000+0 0  1498
TLE2=2 23553   4.6203  71.8801 0002292  49.2712 136.7757  1.00272648 52407
