VERSION=1.1
NAME=ERS 2
NICKNAME=ERS 2
TLE1=1 23560U 95021A   09215.70060003 -.00000009  00000-0  12892-4 0  3299
TLE2=2 23560  98.5515 290.2507 0001296  87.9148 272.2178 14.32246416747012
