VERSION=1.1
NAME=ARIANE 40+ R/B
NICKNAME=ARIANE 40+ R/B
TLE1=1 23561U 95021B   09214.94879155  .00000009  00000-0  17793-4 0  3756
TLE2=2 23561  98.4401 165.1174 0007128 146.9362 213.2266 14.36383535748304
