VERSION=1.1
NAME=INTELSAT 706 (IS-706)
NICKNAME=INTELSAT 706 (IS-706)
TLE1=1 23571U 95023A   09215.58582524  .00000081  00000-0  10000-3 0  9727
TLE2=2 23571   0.0190  55.9814 0003277  72.4352  89.5979  1.00272570 52046
