VERSION=1.1
NAME=GOES 9 [P]
NICKNAME=GOES 9 [P]
TLE1=1 23581U 95025A   09210.32186565 -.00000159  00000-0  10000-3 0  1642
TLE2=2 23581   5.4139  70.0952 0004670 329.0549  30.9336  0.98802484 51840
