VERSION=1.1
NAME=DIRECTV 3 (DBS 3)
NICKNAME=DIRECTV 3 (DBS 3)
TLE1=1 23598U 95029A   09211.90584249 -.00000100  00000-0  10000-3 0  1208
TLE2=2 23598   0.3923  84.0618 0003645  12.2307 193.4089  0.99003294 51721
