VERSION=1.1
NAME=UPM/LBSAT
NICKNAME=UPM/LBSAT
TLE1=1 23607U 95033C   09215.23773087  .00000057  00000-0  16378-4 0  1647
TLE2=2 23607  98.1878 301.5512 0007096 101.7839 258.4134 14.74757494755982
