VERSION=1.1
NAME=CERISE
NICKNAME=CERISE
TLE1=1 23606U 95033B   09215.79606568  .00000151  00000-0  24577-4 0  8514
TLE2=2 23606  98.2450 337.9990 0005487 321.8439  38.2364 14.84879053758938
