VERSION=1.1
NAME=HELIOS 1A
NICKNAME=HELIOS 1A
TLE1=1 23605U 95033A   09215.89146249  .00000132  00000-0  34179-4 0  3679
TLE2=2 23605  98.0815 151.6865 0000266 134.2379 225.8855 14.63847764752159
