VERSION=1.1
NAME=TDRS 7
NICKNAME=TDRS 7
TLE1=1 23613U 95035B   09214.89910581 -.00000172  00000-0  10000-3 0  5715
TLE2=2 23613  11.1370  47.6895 0027445 305.5763   4.0840  1.00275363 51458
