VERSION=1.1
NAME=INTELSAT 4 (IS-4)
NICKNAME=INTELSAT 4 (IS-4)
TLE1=1 23636U 95040A   09214.82380111 -.00000063  00000-0  10000-3 0    16
TLE2=2 23636   0.0073 150.0549 0003368 331.9282 198.1078  1.00272472 51234
