VERSION=1.1
NAME=MOLNIYA 3-47
NICKNAME=MOLNIYA 3-47
TLE1=1 23642U 95042A   09214.52808499 -.00000339  00000-0  10000-3 0  4128
TLE2=2 23642  63.5280  33.4700 7357345 253.5679  20.6497  2.00652278102475
