VERSION=1.1
NAME=COSMOS 2319
NICKNAME=COSMOS 2319
TLE1=1 23653U 95045A   09211.76923087  .00000084  00000-0  10000-3 0   309
TLE2=2 23653   9.9503  54.1092 0004945  70.5676 289.5346  1.00311669 50965
