VERSION=1.1
NAME=TELSTAR 4 (TELSTAR 402R)
NICKNAME=TELSTAR 4 (TELSTAR 402R)
TLE1=1 23670U 95049A   09213.64183303 -.00000051  00000-0  10000-3 0  9494
TLE2=2 23670   5.4558  69.4516 0000988 157.7219 202.3106  1.00244606 50748
