VERSION=1.1
NAME=LUCH 1
NICKNAME=LUCH 1
TLE1=1 23680U 95054A   09214.09739921 -.00000118  00000-0  10000-3 0  7924
TLE2=2 23680   9.0815  62.7785 0006483 324.0662  35.9486  1.00268321 50602
