VERSION=1.1
NAME=ASTRA 1E
NICKNAME=ASTRA 1E
TLE1=1 23686U 95055A   09206.00000000  .00000124  00000-0  00000+0 0    50
TLE2=2 23686   0.0470 142.1690 0004215 350.8210 193.3460  1.00268400 50486
