VERSION=1.1
NAME=SL-16 R/B
NICKNAME=SL-16 R/B
TLE1=1 23705U 95058B   09215.41361957 -.00000077  00000-0 -15148-4 0  9424
TLE2=2 23705  71.0203 299.1361 0012159 351.0314   9.0658 14.14860775710546
