VERSION=1.1
NAME=SURFSAT
NICKNAME=SURFSAT
TLE1=1 23711U 95059B   09215.83456432 -.00000277  00000-0 -46082-3 0  2976
TLE2=2 23711 100.3039 217.1455 0368505   9.9354 350.8812 13.12565125658685
