VERSION=1.1
NAME=RADARSAT-1
NICKNAME=RADARSAT-1
TLE1=1 23710U 95059A   09215.74269198 -.00000001  00000-0  16498-4 0  4577
TLE2=2 23710  98.5785 221.8585 0001140  87.1138  33.1937 14.29980451717602
