VERSION=1.1
NAME=ASIASAT 2
NICKNAME=ASIASAT 2
TLE1=1 23723U 95064A   09214.59209646 -.00000313  00000-0  10000-3 0  9978
TLE2=2 23723   0.0145 338.8273 0002174 121.8066 164.3146  1.00272674 50101
