VERSION=1.1
NAME=TELECOM 2C
NICKNAME=TELECOM 2C
TLE1=1 23730U 95067A   09214.62944745  .00000011  00000-0  00000+0 0  1385
TLE2=2 23730   5.2939  70.2042 0004146  45.5129  65.4896  1.00272216 50139
