VERSION=1.1
NAME=ECHOSTAR 1
NICKNAME=ECHOSTAR 1
TLE1=1 23754U 95073A   09215.47775170 -.00000198  00000-0  10000-3 0  1355
TLE2=2 23754   0.0790 260.7372 0001467 273.5250 212.9630  1.00688478 49668
