VERSION=1.1
NAME=RXTE (XTE)
NICKNAME=RXTE (XTE)
TLE1=1 23757U 95074A   09214.90663730  .00000825  00000-0  13177-4 0  9256
TLE2=2 23757  22.9851  62.3928 0008191 212.9729 147.0342 15.27304767752922
