VERSION=1.1
NAME=AFRICASAT-1 (MEASAT-1)
NICKNAME=AFRICASAT-1 (MEASAT-1)
TLE1=1 23765U 96002B   09214.70812618  .00000126  00000-0  10000-3 0  8801
TLE2=2 23765   1.7248  78.5873 0000594  21.0853 152.6388  1.00271164 49639
