VERSION=1.1
NAME=KOREASAT 2
NICKNAME=KOREASAT 2
TLE1=1 23768U 96003A   09215.64520815 -.00000369  00000-0  10000-3 0  8062
TLE2=2 23768   2.4758  76.8073 0001725 116.1911 108.1004  1.00269645 49628
