VERSION=1.1
NAME=INTELSAT 3R (IS-3R)
NICKNAME=INTELSAT 3R (IS-3R)
TLE1=1 23764U 96002A   09215.92908046 -.00000274  00000-0  10000-3 0  6742
TLE2=2 23764   0.0408  88.4515 0003117  37.2240 118.3948  1.00270295 49662
