VERSION=1.1
NAME=PAKSAT 1 (ANATOLIA 1)
NICKNAME=PAKSAT 1 (ANATOLIA 1)
TLE1=1 23779U 96006A   09214.72742492  .00000148  00000-0  10000-3 0  2385
TLE2=2 23779   0.0308 201.6910 0002900 283.6581 125.9809  1.00274290 49398
