VERSION=1.1
NAME=GORIZONT 31
NICKNAME=GORIZONT 31
TLE1=1 23775U 96005A   09215.41229099 -.00000291  00000-0  10000-3 0  8522
TLE2=2 23775   9.6694  54.8429 0016128  57.9941 302.4817  0.99894630 49506
