VERSION=1.1
NAME=REX 2
NICKNAME=REX 2
TLE1=1 23814U 96014A   09215.24664924  .00000008  00000-0 -11902-5 0  7436
TLE2=2 23814  90.1588 273.1508 0022656 152.9964 207.2405 14.23869199696243
