VERSION=1.1
NAME=INTELSAT 707 (IS-707)
NICKNAME=INTELSAT 707 (IS-707)
TLE1=1 23816U 96015A   09214.31050536 -.00000290  00000-0  10000-3 0  8816
TLE2=2 23816   0.0128 343.9379 0003139 149.6376 236.2284  1.00270995 49040
