VERSION=1.1
NAME=GPS BIIA-25 (PRN 03)
NICKNAME=GPS BIIA-25 (PRN 03)
TLE1=1 23833U 96019A   09212.25044478 -.00000021  00000-0  10000-3 0   508
TLE2=2 23833  53.0844 149.7457 0119339  52.1919 308.8553  2.00566839 97798
