VERSION=1.1
NAME=INMARSAT 3-F1
NICKNAME=INMARSAT 3-F1
TLE1=1 23839U 96020A   09214.81380566  .00000006  00000-0  10000-3 0  8501
TLE2=2 23839   0.1444 308.1976 0004645 184.5249 176.2480  1.00271490 48831
