VERSION=1.1
NAME=ASTRA 1F
NICKNAME=ASTRA 1F
TLE1=1 23842U 96021A   09211.81705039  .00000115  00000-0  00000+0 0  9900
TLE2=2 23842   0.0630  92.6264 0001856 264.0974 265.2008  1.00273177 48712
