VERSION=1.1
NAME=MSAT M1
NICKNAME=MSAT M1
TLE1=1 23846U 96022A   09214.27428697 -.00000086  00000-0  10000-3 0  5303
TLE2=2 23846   1.9734  77.7347 0005172  42.8626 182.6162  1.00272153 48657
