VERSION=1.1
NAME=PALAPA C2
NICKNAME=PALAPA C2
TLE1=1 23864U 96030A   09213.89946522 -.00000363  00000-0  10000-3 0  9134
TLE2=2 23864   0.0148 306.2595 0001770 179.8251 261.2736  1.00270492 48381
