VERSION=1.1
NAME=AMOS 1
NICKNAME=AMOS 1
TLE1=1 23865U 96030B   09212.64548380 -.00000018  00000-0  10000-3 0  1237
TLE2=2 23865   1.0079  83.2490 0003482  21.7099  75.5716  1.00277165 48365
