VERSION=1.1
NAME=GALAXY 9 (G-9)
NICKNAME=GALAXY 9 (G-9)
TLE1=1 23877U 96033A   09215.36318499 -.00000231  00000-0  10000-3 0  1227
TLE2=2 23877   0.9064  80.2356 0001371  43.0381 238.5354  1.00271598 48345
