VERSION=1.1
NAME=GORIZONT 32
NICKNAME=GORIZONT 32
TLE1=1 23880U 96034A   09215.57669588 -.00000128  00000-0  10000-3 0  2656
TLE2=2 23880   9.5373  55.9256 0001222  57.1572  32.4580  1.00267458 48317
