VERSION=1.1
NAME=INTELSAT 709 (IS-709)
NICKNAME=INTELSAT 709 (IS-709)
TLE1=1 23915U 96035A   09215.77063194 -.00000190  00000-0  10000-3 0  9824
TLE2=2 23915   0.0159  72.1561 0003143  56.7572 186.1102  1.00270781 48133
