VERSION=1.1
NAME=TURKSAT 1C
NICKNAME=TURKSAT 1C
TLE1=1 23949U 96040B   09215.64659830  .00000148  00000-0  10000-3 0   600
TLE2=2 23949   1.2837  78.4351 0003939  49.6635  87.9605  1.00271649 47876
