VERSION=1.1
NAME=TOMS EP
NICKNAME=TOMS EP
TLE1=1 23940U 96037A   09214.74632969 -.00000044  00000-0 -30435-6 0  1246
TLE2=2 23940  98.0260  84.9995 0028867 209.6671 150.2899 14.52250089696181
