VERSION=1.1
NAME=APSTAR 1A
NICKNAME=APSTAR 1A
TLE1=1 23943U 96039A   09215.85462505 -.00000344  00000-0  10000-3 0   975
TLE2=2 23943   3.8294  73.3112 0000957  33.9811 282.9488  1.00270808 47943
