VERSION=1.1
NAME=GPS BIIA-26 (PRN 10)
NICKNAME=GPS BIIA-26 (PRN 10)
TLE1=1 23953U 96041A   09214.16527657 -.00000015  00000-0  10000-3 0  5084
TLE2=2 23953  54.8557 277.6209 0084217  35.0484 325.5803  2.00567783 95623
