VERSION=1.1
NAME=TELECOM 2D
NICKNAME=TELECOM 2D
TLE1=1 24209U 96044B   09213.49699413 -.00000073  00000-0  10000-3 0  9221
TLE2=2 24209   3.0153  75.3860 0005123  38.8944   6.9922  1.00271946 47679
