VERSION=1.1
NAME=JAS-2 (FO-29)
NICKNAME=JAS-2 (FO-29)
TLE1=1 24278U 96046B   09215.55354288 -.00000073  00000-0 -36779-4 0  1018
TLE2=2 24278  98.5471  83.2108 0350109 227.5550 129.5497 13.52943905640159
