VERSION=1.1
NAME=MIDORI (ADEOS)
NICKNAME=MIDORI (ADEOS)
TLE1=1 24277U 96046A   09215.01812849 -.00000017  00000-0  96987-5 0  1239
TLE2=2 24277  98.3686 177.7143 0001755  99.7589 260.3792 14.28598667675619
