VERSION=1.1
NAME=MOLNIYA 1-89
NICKNAME=MOLNIYA 1-89
TLE1=1 24273U 96045A   09215.46745526  .00044033 -37304-6  66442-4 0  1040
TLE2=2 24273  62.9104 312.3814 7137248 255.7959  21.8840  2.53631963 95610
