VERSION=1.1
NAME=FAST
NICKNAME=FAST
TLE1=1 24285U 96049A   09214.92010978  .00001171  00000-0  98616-4 0  8129
TLE2=2 24285  82.9670  35.1519 1998790  78.3066 303.4179 11.26328554523792
