VERSION=1.1
NAME=SL-16 R/B
NICKNAME=SL-16 R/B
TLE1=1 24298U 96051B   09215.40652949 -.00000074  00000-0 -13981-4 0  1140
TLE2=2 24298  70.8790 354.8269 0016349 158.7744 201.4067 14.12380304665906
