VERSION=1.1
NAME=INMARSAT 3-F2
NICKNAME=INMARSAT 3-F2
TLE1=1 24307U 96053A   09212.84241398 -.00000128  00000-0  10000-3 0  9336
TLE2=2 24307   0.1076 296.6609 0005685 186.9769 113.7026  1.00272036 47237
