VERSION=1.1
NAME=UNAMSAT-2 (MO-30)
NICKNAME=UNAMSAT-2 (MO-30)
TLE1=1 24305U 96052B   09215.52491090  .00000031  00000-0  16174-4 0  1824
TLE2=2 24305  82.9378 319.0285 0031325 120.9670 239.4571 13.73572221647179
