VERSION=1.1
NAME=AMC-1 (GE-1)
NICKNAME=AMC-1 (GE-1)
TLE1=1 24315U 96054A   09214.69096207 -.00000107  00000-0  10000-3 0  1809
TLE2=2 24315   0.0401 253.5767 0003405 235.9290 327.6244  1.00272212 47241
