VERSION=1.1
NAME=ECHOSTAR 2
NICKNAME=ECHOSTAR 2
TLE1=1 24313U 96055A   09215.45436321 -.00000274  00000-0  10000-3 0   644
TLE2=2 24313   0.9937  79.8538 0001555  61.5869 264.4060  1.00318923 47295
