VERSION=1.1
NAME=GPS BIIA-27 (PRN 30)
NICKNAME=GPS BIIA-27 (PRN 30)
TLE1=1 24320U 96056A   09214.51329059 -.00000041  00000-0  10000-3 0  2383
TLE2=2 24320  54.5812  93.7815 0114482  82.4186 278.9442  2.00575572 94293
