VERSION=1.1
NAME=MEASAT-2
NICKNAME=MEASAT-2
TLE1=1 24653U 96063B   09215.48361608 -.00000224  00000-0  10000-3 0  9978
TLE2=2 24653   1.6850  78.7060 0001751  35.2257 160.3432  1.00271453 46640
