VERSION=1.1
NAME=ARABSAT-2B
NICKNAME=ARABSAT-2B
TLE1=1 24652U 96063A   09214.72772425  .00000148  00000-0  10000-3 0   353
TLE2=2 24652   0.0464 131.4354 0004096 357.7797 114.6779  1.00274780 47072
