VERSION=1.1
NAME=EUROBIRD 9
NICKNAME=EUROBIRD 9
TLE1=1 24665U 96067A   09215.68255389  .00000106  00000-0  10000-3 0  9186
TLE2=2 24665   0.3855  82.2450 0006866  91.9850  70.2224  1.00454229 46908
