VERSION=1.1
NAME=INMARSAT 3-F3
NICKNAME=INMARSAT 3-F3
TLE1=1 24674U 96070A   09215.45319573  .00000034  00000-0  10000-3 0  9046
TLE2=2 24674   0.1411 295.3244 0004314 196.2192 161.8065  1.00271814 46217
