VERSION=1.1
NAME=AMC-2 (GE-2)
NICKNAME=AMC-2 (GE-2)
TLE1=1 24713U 97002A   09215.36580624 -.00000120  00000-0  00000+0 0  9472
TLE2=2 24713   0.0165 165.8365 0002139 333.1957 203.7157  1.00272598 45818
