VERSION=1.1
NAME=NAHUEL 1A
NICKNAME=NAHUEL 1A
TLE1=1 24714U 97002B   09215.43853068 -.00000266  00000-0  10000-3 0  9180
TLE2=2 24714   1.8808  78.4002 0004498  46.7505 273.0350  1.00270237 45818
