VERSION=1.1
NAME=JCSAT 4
NICKNAME=JCSAT 4
TLE1=1 24732U 97007A   09215.44091328 -.00000206  00000-0  10000-3 0  6652
TLE2=2 24732   0.0205  45.2876 0002531  82.2309 133.3483  1.00271587 45548
