VERSION=1.1
NAME=INTELSAT 801 (IS-801)
NICKNAME=INTELSAT 801 (IS-801)
TLE1=1 24742U 97009A   09215.87307196 -.00000229  00000-0  10000-3 0  6481
TLE2=2 24742   0.8411  82.3340 0008553 319.9530 193.1554  1.00269385 45557
