VERSION=1.1
NAME=DIRECTV 6 (TEMPO 2)
NICKNAME=DIRECTV 6 (TEMPO 2)
TLE1=1 24748U 97011A   09215.09016618 -.00000027  00000-0  10000-3 0   828
TLE2=2 24748   3.3159  75.0065 0028208 150.9649 209.2071  0.99029508 45401
