VERSION=1.1
NAME=BSAT-1A
NICKNAME=BSAT-1A
TLE1=1 24769U 97016B   09214.78022273 -.00000355  00000-0  10000-3 0  9402
TLE2=2 24769   0.0617 257.9690 0001727 271.7969 172.2223  1.00271071 45063
