VERSION=1.1
NAME=GOES 10
NICKNAME=GOES 10
TLE1=1 24786U 97019A   09215.43188705 -.00000291  00000-0  10000-3 0   309
TLE2=2 24786   3.7453  73.9900 0002165  78.8653 254.6540  1.00267173 44977
