VERSION=1.1
NAME=IRIDIUM 7 [+]
NICKNAME=IRIDIUM 7 [+]
TLE1=1 24793U 97020B   09215.13942178  .00000099  00000-0  28305-4 0  7072
TLE2=2 24793  86.3937  80.4619 0002381  79.6877 280.4581 14.34219399641115
