VERSION=1.1
NAME=IRIDIUM 6 [+]
NICKNAME=IRIDIUM 6 [+]
TLE1=1 24794U 97020C   09215.48191805  .00000129  00000-0  39157-4 0  5039
TLE2=2 24794  86.3939  80.3056 0002425  70.9644 289.1817 14.34219890641166
