VERSION=1.1
NAME=DFH 3-2
NICKNAME=DFH 3-2
TLE1=1 24798U 97021A   09214.98834831 -.00000366  00000-0  10000-3 0  7234
TLE2=2 24798   5.1834  70.3477 0008426 337.8845  22.1294  1.00304179 44800
