VERSION=1.1
NAME=IRIDIUM 4 [+]
NICKNAME=IRIDIUM 4 [+]
TLE1=1 24796U 97020E   09215.15210399  .00000198  00000-0  63529-4 0  7246
TLE2=2 24796  86.3922  80.2220 0002437  78.2645 281.8823 14.34220100641136
