VERSION=1.1
NAME=IRIDIUM 5 [+]
NICKNAME=IRIDIUM 5 [+]
TLE1=1 24795U 97020D   09214.70812198  .00000128  00000-0  38569-4 0  8419
TLE2=2 24795  86.3922  80.7857 0001371  49.3519 310.7789 14.34219825641136
