VERSION=1.1
NAME=IRIDIUM 8 [+]
NICKNAME=IRIDIUM 8 [+]
TLE1=1 24792U 97020A   09215.14576596 -.00000034  00000-0 -19185-4 0  7065
TLE2=2 24792  86.3937  80.3247 0002407  78.7449 281.4013 14.34218283641116
