VERSION=1.1
NAME=THOR II
NICKNAME=THOR II
TLE1=1 24808U 97025A   09212.59235090  .00000028  00000-0  10000-3 0  6308
TLE2=2 24808   1.2356  80.5663 0001649  15.8986  71.1521  1.00272225 44697
