VERSION=1.1
NAME=GALAXY 25 (G-25)
NICKNAME=GALAXY 25 (G-25)
TLE1=1 24812U 97026A   09215.37085284 -.00000168  00000-0  10000-3 0  9401
TLE2=2 24812   0.0142 120.9966 0002845  56.7081 174.7458  1.00272851 44678
