VERSION=1.1
NAME=INMARSAT 3-F4
NICKNAME=INMARSAT 3-F4
TLE1=1 24819U 97027A   09214.28602854 -.00000291  00000-0  10000-3 0  6848
TLE2=2 24819   0.0696 328.4917 0005677 157.3440 234.0965  1.00272383 44621
