VERSION=1.1
NAME=IRIDIUM 914 [-]
NICKNAME=IRIDIUM 914 [-]
TLE1=1 24836U 97030A   09215.53174662  .00000058  00000-0  12646-4 0  2789
TLE2=2 24836  86.3935 104.3738 0002518 111.6375 248.5086 14.37434916635824
