VERSION=1.1
NAME=FENGYUN 2A
NICKNAME=FENGYUN 2A
TLE1=1 24834U 97029A   09214.96350465 -.00000123  00000-0  10000-3 0  3997
TLE2=2 24834   8.5079  62.1155 0096045  73.2115 287.9195  0.96051652 44211
