VERSION=1.1
NAME=IRIDIUM 10 [+]
NICKNAME=IRIDIUM 10 [+]
TLE1=1 24839U 97030D   09215.26969183 -.00000257  00000-0 -98810-4 0  7215
TLE2=2 24839  86.3980 111.7467 0002427  81.4219 278.7250 14.34216595634890
