VERSION=1.1
NAME=IRIDIUM 12 [+]
NICKNAME=IRIDIUM 12 [+]
TLE1=1 24837U 97030B   09215.28239570  .00000140  00000-0  42860-4 0  7241
TLE2=2 24837  86.3983 111.7442 0002441  77.8312 282.3156 14.34223295634883
