VERSION=1.1
NAME=IRIDIUM 13 [+]
NICKNAME=IRIDIUM 13 [+]
TLE1=1 24840U 97030E   09215.21895170 -.00000364  00000-0 -13703-3 0  6828
TLE2=2 24840  86.3987 111.8438 0002558  79.0749 281.0734 14.34216260634875
