VERSION=1.1
NAME=IRIDIUM 911 [-]
NICKNAME=IRIDIUM 911 [-]
TLE1=1 24842U 97030G   09215.30706158  .00000068  00000-0  14266-4 0  3650
TLE2=2 24842  86.4472 114.5414 0012529 265.8144  94.1632 14.43179157638084
