VERSION=1.1
NAME=INTELSAT 802 (IS-802)
NICKNAME=INTELSAT 802 (IS-802)
TLE1=1 24846U 97031A   09215.63862291  .00000151  00000-0  00000+0 0  8645
TLE2=2 24846   0.0172  12.2991 0002780 125.2846  77.5461  1.00273251 44396
