VERSION=1.1
NAME=IRIDIUM 16 [-]
NICKNAME=IRIDIUM 16 [-]
TLE1=1 24841U 97030F   09215.30099737  .00000094  00000-0  25854-4 0  7060
TLE2=2 24841  86.4048 112.3547 0002542  31.3598 328.7748 14.35293456635034
