VERSION=1.1
NAME=IRIDIUM 15 [+]
NICKNAME=IRIDIUM 15 [+]
TLE1=1 24869U 97034A   09215.41907926  .00000083  00000-0  22531-4 0  7443
TLE2=2 24869  86.4000 143.3271 0002419  81.6667 278.4803 14.34218794631870
