VERSION=1.1
NAME=IRIDIUM 921 [-]
NICKNAME=IRIDIUM 921 [-]
TLE1=1 24873U 97034E   09215.39465768 -.00000007  00000-0 -33398-5 0  6427
TLE2=2 24873  86.3887 329.2086 0010768  28.5629 331.6188 14.97174136656279
