VERSION=1.1
NAME=IRIDIUM 920 [-]
NICKNAME=IRIDIUM 920 [-]
TLE1=1 24871U 97034C   09215.32087534 -.00000000  00000-0 -67101-5 0  3013
TLE2=2 24871  86.4023 136.2790 0014394  68.8679 291.4050 14.38069536633008
