VERSION=1.1
NAME=GPS BIIR-02 (PRN 13)
NICKNAME=GPS BIIR-02 (PRN 13)
TLE1=1 24876U 97035A   09214.11663537 -.00000112  00000-0  10000-3 0   180
TLE2=2 24876  56.9896 339.6770 0038926  93.7059 266.7450  2.00563557 88153
