VERSION=1.1
NAME=IRIDIUM 17 [-]
NICKNAME=IRIDIUM 17 [-]
TLE1=1 24870U 97034B   09214.94072670  .00000076  00000-0  19838-4 0  7180
TLE2=2 24870  86.4007 143.4216 0002450  70.1599 289.9851 14.34440653631827
