VERSION=1.1
NAME=IRIDIUM 18 [+]
NICKNAME=IRIDIUM 18 [+]
TLE1=1 24872U 97034D   09215.38100903  .00000132  00000-0  39927-4 0  7085
TLE2=2 24872  86.4013 143.4864 0002530  74.9422 285.2052 14.34219225631866
