VERSION=1.1
NAME=SUPERBIRD C
NICKNAME=SUPERBIRD C
TLE1=1 24880U 97036A   09215.62055133 -.00000256  00000-0  10000-3 0  6343
TLE2=2 24880   0.0368 255.9714 0000512 209.5650 214.1122  1.00273179 43953
