VERSION=1.1
NAME=ORBVIEW 2 (SEASTAR)
NICKNAME=ORBVIEW 2 (SEASTAR)
TLE1=1 24883U 97037A   09214.95116998 -.00000037  00000-0  22032-5 0  8977
TLE2=2 24883  98.3466 339.1508 0002488  73.3787 286.7682 14.59997221639263
