VERSION=1.1
NAME=AGILA 2
NICKNAME=AGILA 2
TLE1=1 24901U 97042A   09212.58453834 -.00000240  00000-0  10000-3 0  8947
TLE2=2 24901   0.0443 246.6246 0005235 239.8758 179.2198  1.00270738 43750
