VERSION=1.1
NAME=IRIDIUM 22 [+]
NICKNAME=IRIDIUM 22 [+]
TLE1=1 24907U 97043E   09215.51942638 -.00000011  00000-0 -10873-4 0  6983
TLE2=2 24907  86.3949  17.2601 0002388  81.1547 278.9914 14.34215172625808
