VERSION=1.1
NAME=IRIDIUM 26 [+]
NICKNAME=IRIDIUM 26 [+]
TLE1=1 24903U 97043A   09215.50675323 -.00000077  00000-0 -34427-4 0  8189
TLE2=2 24903  86.3941  16.9839 0002370  84.6382 275.5082 14.34214678625822
