VERSION=1.1
NAME=IRIDIUM 25 [+]
NICKNAME=IRIDIUM 25 [+]
TLE1=1 24904U 97043B   09215.53846837 -.00000039  00000-0 -21051-4 0  7088
TLE2=2 24904  86.3939  16.9187 0002333  79.6991 280.4465 14.34214645625795
