VERSION=1.1
NAME=IRIDIUM 23 [+]
NICKNAME=IRIDIUM 23 [+]
TLE1=1 24906U 97043D   09215.52578785 -.00000002  00000-0 -76925-5 0  7264
TLE2=2 24906  86.3945  16.8579 0002393  75.4863 284.6594 14.34214775625801
