VERSION=1.1
NAME=IRIDIUM 46 [+]
NICKNAME=IRIDIUM 46 [+]
TLE1=1 24905U 97043C   09215.48137074  .00000008  00000-0 -41985-5 0  7274
TLE2=2 24905  86.3947  17.2283 0002353  81.5147 278.6307 14.34215518625797
