VERSION=1.1
NAME=INTELSAT 5 (IS-5)
NICKNAME=INTELSAT 5 (IS-5)
TLE1=1 24916U 97046A   09215.46846815 -.00000036  00000-0  10000-3 0  8158
TLE2=2 24916   0.0128  87.1059 0002543   2.6735 199.9984  1.00271537 43846
