VERSION=1.1
NAME=DUMMY MASS 1 [-]
NICKNAME=DUMMY MASS 1 [-]
TLE1=1 24925U 97048A   09215.13659750  .00000052  00000-0  28392-5 0  2778
TLE2=2 24925  86.3338 287.3033 0009305 103.5849 256.6412 14.83830933645090
