VERSION=1.1
NAME=DUMMY MASS 2 [-]
NICKNAME=DUMMY MASS 2 [-]
TLE1=1 24926U 97048B   09215.75120965  .00000026  00000-0 -22171-6 0  2714
TLE2=2 24926  86.3354 287.6767 0010089 105.5937 254.6408 14.83611536645096
