VERSION=1.1
NAME=EUROBIRD 4
NICKNAME=EUROBIRD 4
TLE1=1 24931U 97049A   09215.67092550  .00000079  00000-0  10000-3 0    57
TLE2=2 24931   0.4606  82.7771 0009596  40.2189 119.9677  1.00529748 43724
