VERSION=1.1
NAME=AMC-3 (GE-3)
NICKNAME=AMC-3 (GE-3)
TLE1=1 24936U 97050A   09215.45320022 -.00000201  00000-0  10000-3 0  7637
TLE2=2 24936   0.0545 252.4959 0002059 234.6112 261.1907  1.00272362 43669
