VERSION=1.1
NAME=METEOSAT-7
NICKNAME=METEOSAT-7
TLE1=1 24932U 97049B   09214.82842091  .00000057  00000-0  10000-3 0  6262
TLE2=2 24932   5.3097  69.0426 0000659  90.6049 147.5395  1.00276666 43657
