VERSION=1.1
NAME=IRIDIUM 29 [+]
NICKNAME=IRIDIUM 29 [+]
TLE1=1 24944U 97051A   09215.52923973  .00000009  00000-0 -36816-5 0  6752
TLE2=2 24944  86.3915  48.5547 0002348  81.5496 278.5965 14.34216443622374
