VERSION=1.1
NAME=IRIDIUM 28 [-]
NICKNAME=IRIDIUM 28 [-]
TLE1=1 24948U 97051E   09215.51666080  .00000029  00000-0  33475-5 0  5420
TLE2=2 24948  86.3923  48.7183 0001882  68.3131 291.8273 14.34264837622365
