VERSION=1.1
NAME=IRIDIUM 33 [-]
NICKNAME=IRIDIUM 33 [-]
TLE1=1 24946U 97051C   09215.55618106  .00000058  00000-0  14347-4 0  7844
TLE2=2 24946  86.3833  48.6149 0005888 233.3923 126.6717 14.32484729622378
