VERSION=1.1
NAME=IRIDIUM 32 [+]
NICKNAME=IRIDIUM 32 [+]
TLE1=1 24945U 97051B   09215.54826714 -.00000002  00000-0 -76766-5 0  6796
TLE2=2 24945  86.3917  48.5616 0002370  81.7538 278.3927 14.34216733622398
