VERSION=1.1
NAME=IRIDIUM 30 [+]
NICKNAME=IRIDIUM 30 [+]
TLE1=1 24949U 97051F   09215.54191925  .00000039  00000-0  69947-5 0  7218
TLE2=2 24949  86.3916  48.6181 0002403  78.9495 281.1970 14.34217107622370
