VERSION=1.1
NAME=IRIDIUM 31 [+]
NICKNAME=IRIDIUM 31 [+]
TLE1=1 24950U 97051G   09215.53558057  .00000008  00000-0 -42689-5 0  7011
TLE2=2 24950  86.3921  48.6137 0002410  78.6632 281.4827 14.34216714622385
