VERSION=1.1
NAME=FAISAT 2V
NICKNAME=FAISAT 2V
TLE1=1 24954U 97052B   09215.56037250  .00000038  00000-0  21761-4 0  5787
TLE2=2 24954  82.9218 279.9409 0039993 359.7234   0.3895 13.79651764597209
