VERSION=1.1
NAME=COSMOS 2346
NICKNAME=COSMOS 2346
TLE1=1 24953U 97052A   09215.25352849  .00000018  00000-0  30866-5 0  5466
TLE2=2 24953  82.9222 280.4865 0040564   1.4979 358.6293 13.79434495597110
