VERSION=1.1
NAME=NSS-5
NICKNAME=NSS-5
TLE1=1 24957U 97053A   09214.82657802  .00000066  00000-0  00000+0 0  8153
TLE2=2 24957   0.0450 254.8154 0002448 289.1618 122.1013  1.00272308 43448
