VERSION=1.1
NAME=IRIDIUM 37 [+]
NICKNAME=IRIDIUM 37 [+]
TLE1=1 24968U 97056D   09215.36775032  .00000078  00000-0  20827-4 0  6913
TLE2=2 24968  86.3940  80.3335 0002396  80.5323 279.6142 14.34219720620488
