VERSION=1.1
NAME=IRIDIUM 36 [-]
NICKNAME=IRIDIUM 36 [-]
TLE1=1 24967U 97056C   09215.37293389  .00000256  00000-0  84083-4 0  6577
TLE2=2 24967  86.3938  80.2970 0002285  82.7625 277.3829 14.34300503620627
