VERSION=1.1
NAME=IRIDIUM 19 [+]
NICKNAME=IRIDIUM 19 [+]
TLE1=1 24965U 97056A   09215.51997573  .00000070  00000-0  17959-4 0  6793
TLE2=2 24965  86.3934  80.1444 0002384  77.1955 282.9510 14.34219483620524
