VERSION=1.1
NAME=MOLNIYA 1-90
NICKNAME=MOLNIYA 1-90
TLE1=1 24960U 97054A   09215.65671596 -.00000216  00000-0  10000-3 0  5134
TLE2=2 24960  63.8040  80.4155 7289220 253.9877  17.4768  2.00605010 86931
