VERSION=1.1
NAME=IRIDIUM 35 [+]
NICKNAME=IRIDIUM 35 [+]
TLE1=1 24966U 97056B   09215.53266106  .00000110  00000-0  32205-4 0  7233
TLE2=2 24966  86.3938  80.1636 0002385  78.2200 281.9266 14.34219747620506
