VERSION=1.1
NAME=IRIDIUM 34 [+]
NICKNAME=IRIDIUM 34 [+]
TLE1=1 24969U 97056E   09215.52631584  .00000051  00000-0  11275-4 0  6788
TLE2=2 24969  86.3926  80.2112 0002388  77.8015 282.3450 14.34219550620500
