VERSION=1.1
NAME=IRS-1D
NICKNAME=IRS-1D
TLE1=1 24971U 97057A   09215.83966937 -.00000067  00000-0 -93890-5 0  5343
TLE2=2 24971  98.2348 249.6367 0054807 151.5485 208.8712 14.32956125619652
