VERSION=1.1
NAME=ECHOSTAR 3
NICKNAME=ECHOSTAR 3
TLE1=1 25004U 97059A   09213.28860640 -.00000287  00000-0  10000-3 0  6933
TLE2=2 25004   0.0378 303.0275 0001402 158.3192 251.0563  1.00273156 43337
