VERSION=1.1
NAME=TELSTAR 10 (APSTAR 2R)
NICKNAME=TELSTAR 10 (APSTAR 2R)
TLE1=1 25010U 97062A   09215.65052378 -.00000106  00000-0  10000-3 0  8514
TLE2=2 25010   0.0268 258.6313 0003651 234.9478 129.4334  1.00271446 43217
