VERSION=1.1
NAME=TEAMSAT
NICKNAME=TEAMSAT
TLE1=1 25025U 97066C   09215.08191080 -.00000051  00000-0  39708-4 0  7453
TLE2=2 25025   7.5941 198.2082 6513034 184.6492 163.3919  3.07909270132328
