VERSION=1.1
NAME=MAQSAT H
NICKNAME=MAQSAT H
TLE1=1 25023U 97066A   09215.63918637 -.00000041  00000-0 -11337-3 0  6790
TLE2=2 25023   7.5480 186.5047 6500385 208.1592  91.4562  3.09487610132824
