VERSION=1.1
NAME=MAQSAT B
NICKNAME=MAQSAT B
TLE1=1 25024U 97066B   09214.45288856  .00000079  00000-0  61469-3 0  7312
TLE2=2 25024   7.5553 183.5865 6509227 213.0255  80.2878  3.08766607132681
