VERSION=1.1
NAME=GPS BIIA-28 (PRN 08)
NICKNAME=GPS BIIA-28 (PRN 08)
TLE1=1 25030U 97067A   09214.74312396 -.00000047  00000-0  10000-3 0  9255
TLE2=2 25030  56.6906  39.8070 0106163 173.4262 186.7648  2.00568332 86062
