VERSION=1.1
NAME=IRIDIUM 43 [+]
NICKNAME=IRIDIUM 43 [+]
TLE1=1 25039U 97069A   09215.44442599  .00000118  00000-0  35200-4 0  6764
TLE2=2 25039  86.4015 143.4792 0002401  78.4825 281.6638 14.34218876614274
