VERSION=1.1
NAME=IRIDIUM 41 [+]
NICKNAME=IRIDIUM 41 [+]
TLE1=1 25040U 97069B   09215.50787278  .00000065  00000-0  16292-4 0  6670
TLE2=2 25040  86.4010 143.3628 0002493  78.3880 281.7596 14.34219061614281
