VERSION=1.1
NAME=IRIDIUM 38 [-]
NICKNAME=IRIDIUM 38 [-]
TLE1=1 25043U 97069E   09215.45411267  .00000066  00000-0  16415-4 0  6947
TLE2=2 25043  86.4010 142.7483 0002106  55.9910 304.1483 14.34703619614385
