VERSION=1.1
NAME=IRIDIUM 39 [+]
NICKNAME=IRIDIUM 39 [+]
TLE1=1 25042U 97069D   09215.33025422  .00000158  00000-0  49529-4 0  6671
TLE2=2 25042  86.4007 143.5662 0002381  73.9748 286.1713 14.34218387614256
