VERSION=1.1
NAME=IRIDIUM 40 [+]
NICKNAME=IRIDIUM 40 [+]
TLE1=1 25041U 97069C   09215.32393153  .00000148  00000-0  45693-4 0  6934
TLE2=2 25041  86.4015 143.4065 0002443  80.0760 280.0711 14.34219480614270
