VERSION=1.1
NAME=INDOSTAR 1
NICKNAME=INDOSTAR 1
TLE1=1 25050U 97071B   09214.73087560 -.00000351  00000-0  10000-3 0   858
TLE2=2 25050   3.6749  73.6027 0003910  65.7726 182.7878  1.00272785 42968
