VERSION=1.1
NAME=KIKU-7 (ETS-VII)
NICKNAME=KIKU-7 (ETS-VII)
TLE1=1 25064U 97074B   09215.07252094  .00000290  00000-0  12691-4 0  8634
TLE2=2 25064  34.9595  95.9745 0002024 325.4649  34.5934 15.25212473648170
