VERSION=1.1
NAME=TRMM
NICKNAME=TRMM
TLE1=1 25063U 97074A   09214.88868267  .00002542  00000-0  36239-4 0  1275
TLE2=2 25063  34.9666  29.6333 0001227 280.3917  79.6684 15.55887688667370
