VERSION=1.1
NAME=IRIDIUM 42 [+]
NICKNAME=IRIDIUM 42 [+]
TLE1=1 25077U 97077A   09215.31758441  .00000157  00000-0  48950-4 0  6812
TLE2=2 25077  86.4011 143.4856 0002457  76.4778 283.6685 14.34219530610110
