VERSION=1.1
NAME=IRIDIUM 44 [-]
NICKNAME=IRIDIUM 44 [-]
TLE1=1 25078U 97077B   09215.36313409  .00000046  00000-0  88111-5 0  1770
TLE2=2 25078  86.4001 138.9152 0002566  35.6140 324.5231 14.36557315610704
