VERSION=1.1
NAME=ASTRA 1G
NICKNAME=ASTRA 1G
TLE1=1 25071U 97076A   09206.00000000  .00000124  00000-0  00000+0 0  8187
TLE2=2 25071   0.0400  49.8050 0002884  28.2350 248.3030  1.00268934 42682
