VERSION=1.1
NAME=GALAXY 8
NICKNAME=GALAXY 8
TLE1=1 25086U 97078A   09208.41580491 -.00000261  00000-0  10000-3 0  8187
TLE2=2 25086   6.3156  67.9188 0004669 242.7243 117.2699  0.99705132 42504
