VERSION=1.1
NAME=IRIDIUM 24 [-]
NICKNAME=IRIDIUM 24 [-]
TLE1=1 25105U 97082B   09215.50758914  .00000099  00000-0  25882-4 0  2311
TLE2=2 25105  86.3922   7.4648 0014110  73.7654 286.5099 14.38271553609455
