VERSION=1.1
NAME=IRIDIUM 49 [+]
NICKNAME=IRIDIUM 49 [+]
TLE1=1 25108U 97082E   09215.50041896  .00000023  00000-0  12740-5 0  6353
TLE2=2 25108  86.3940  16.9213 0002429  80.8408 279.3054 14.34214969608349
