VERSION=1.1
NAME=IRIDIUM 47 [+]
NICKNAME=IRIDIUM 47 [+]
TLE1=1 25106U 97082C   09215.48771820  .00000007  00000-0 -46942-5 0  6214
TLE2=2 25106  86.3935  16.9036 0002358  79.8740 280.2712 14.34215273608332
