VERSION=1.1
NAME=IRIDIUM 45 [+]
NICKNAME=IRIDIUM 45 [+]
TLE1=1 25104U 97082A   09215.47503551  .00000013  00000-0 -24727-5 0  6264
TLE2=2 25104  86.3939  16.9675 0002368  78.0048 282.1406 14.34215220608339
