VERSION=1.1
NAME=ORBCOMM FM07 [+]
NICKNAME=ORBCOMM FM07 [+]
TLE1=1 25119U 97084H   09215.89381317 -.00000376  00000-0 -82876-4 0  2089
TLE2=2 25119  45.0175 133.7488 0005738 322.4362  37.6080 14.34365658607092
