VERSION=1.1
NAME=ORBCOMM FM08 [+]
NICKNAME=ORBCOMM FM08 [+]
TLE1=1 25112U 97084A   09215.90218887 -.00000152  00000-0 -37242-5 0  2928
TLE2=2 25112  45.0177 132.7843 0010824 335.0741  24.9575 14.34378424607109
