VERSION=1.1
NAME=ORBCOMM FM06 [+]
NICKNAME=ORBCOMM FM06 [+]
TLE1=1 25118U 97084G   09214.97058824 -.00000080  00000-0  21589-4 0  9374
TLE2=2 25118  45.0187 137.8938 0004373 330.7061  29.3540 14.34387411606966
