VERSION=1.1
NAME=ORBCOMM FM10 [+]
NICKNAME=ORBCOMM FM10 [+]
TLE1=1 25113U 97084B   09214.96183230 -.00000019  00000-0  43047-4 0   251
TLE2=2 25113  45.0185 138.0070 0007990 307.6653  52.3468 14.34389992606968
