VERSION=1.1
NAME=ORBCOMM FM11 [+]
NICKNAME=ORBCOMM FM11 [+]
TLE1=1 25114U 97084C   09215.23176578  .00000243  00000-0  13544-3 0  9581
TLE2=2 25114  45.0198 136.3856 0008436 307.2853  52.7224 14.34390502607009
