VERSION=1.1
NAME=ORBCOMM FM09 [+]
NICKNAME=ORBCOMM FM09 [+]
TLE1=1 25116U 97084E   09215.22300012  .00000205  00000-0  12202-3 0  1191
TLE2=2 25116  45.0204 136.5434 0007361 297.1529  62.8567 14.34389499607001
