VERSION=1.1
NAME=ORBCOMM FM12 [+]
NICKNAME=ORBCOMM FM12 [+]
TLE1=1 25115U 97084D   09215.91079017  .00000009  00000-0  52998-4 0  9472
TLE2=2 25115  45.0179 132.9371 0007357 314.6493  45.3750 14.34392051607100
