VERSION=1.1
NAME=ORBCOMM FM05 [+]
NICKNAME=ORBCOMM FM05 [+]
TLE1=1 25117U 97084F   09215.88451880 -.00000039  00000-0  36116-4 0   549
TLE2=2 25117  45.0194 133.7063 0004530 329.0736  30.9840 14.34393808607095
