VERSION=1.1
NAME=HGS-1 (ASIASAT 3)
NICKNAME=HGS-1 (ASIASAT 3)
TLE1=1 25126U 97086A   09213.65456859 -.00000270  00000-0  10000-3 0  2671
TLE2=2 25126   1.8235 118.9714 0044823 203.3429 156.0671  1.00188923 43344
