VERSION=1.1
NAME=ORBCOMM FM04 [+]
NICKNAME=ORBCOMM FM04 [+]
TLE1=1 25159U 98007C   09215.11109355  .00000121  00000-0  10497-3 0  9378
TLE2=2 25159 107.9718 209.6030 0048236 211.7842 148.0376 14.25414699596234
