VERSION=1.1
NAME=INMARSAT 3-F5
NICKNAME=INMARSAT 3-F5
TLE1=1 25153U 98006B   09214.68686889  .00000136  00000-0  10000-3 0  6760
TLE2=2 25153   0.4809 351.1741 0003349 145.6403  86.5804  1.00275373 42132
