VERSION=1.1
NAME=ORBCOMM FM03 [-]
NICKNAME=ORBCOMM FM03 [-]
TLE1=1 25158U 98007B   09214.96251398  .00000074  00000-0  85498-4 0  9465
TLE2=2 25158 107.9728 209.4904 0052388 210.8355 148.9701 14.25441313596182
