VERSION=1.1
NAME=BRASILSAT B3
NICKNAME=BRASILSAT B3
TLE1=1 25152U 98006A   09215.43159369 -.00000254  00000-0  10000-3 0   228
TLE2=2 25152   0.0477 217.6890 0002499 352.7080 182.0662  1.00269437 42189
