VERSION=1.1
NAME=GLOBALSTAR M003
NICKNAME=GLOBALSTAR M003
TLE1=1 25165U 98008D   09215.16991205 -.00000086  00000-0  10000-3 0  3908
TLE2=2 25165  51.9954 100.9692 0001057  67.8684 292.2294 12.62256868528981
