VERSION=1.1
NAME=GLOBALSTAR M004
NICKNAME=GLOBALSTAR M004
TLE1=1 25163U 98008B   09215.12093493 -.00000086  00000-0  10000-3 0  3780
TLE2=2 25163  52.0006  95.4999 0004049  51.2373 308.8855 12.63153628529117
