VERSION=1.1
NAME=CELESTIS-02
NICKNAME=CELESTIS-02
TLE1=1 25160U 98007D   09215.49298723 -.00000092  00000-0  16969-4 0  1123
TLE2=2 25160 107.9774 178.4911 0065389 247.0286 112.3944 14.20843216595163
