VERSION=1.1
NAME=GLOBALSTAR M002
NICKNAME=GLOBALSTAR M002
TLE1=1 25164U 98008C   09215.53068919 -.00000071  00000-0  10000-3 0  2706
TLE2=2 25164  52.0035  13.0897 0001358  69.2097 290.8862 11.61425143510585
