VERSION=1.1
NAME=IRIDIUM 52 [+]
NICKNAME=IRIDIUM 52 [+]
TLE1=1 25169U 98010A   09215.52973743 -.00000261  00000-0 -10038-3 0  4179
TLE2=2 25169  86.3958 111.8021 0002387  80.3517 279.7949 14.34216485599752
