VERSION=1.1
NAME=GLOBALSTAR M001
NICKNAME=GLOBALSTAR M001
TLE1=1 25162U 98008A   09214.68854328 -.00000084  00000-0  10000-3 0  3341
TLE2=2 25162  52.0050 283.4386 0000693 209.6585 150.4227 12.37984689525704
