VERSION=1.1
NAME=IRIDIUM 50 [+]
NICKNAME=IRIDIUM 50 [+]
TLE1=1 25172U 98010D   09215.23797882 -.00000601  00000-0 -22182-3 0  6701
TLE2=2 25172  86.3989 111.8991 0002500  78.2713 281.8758 14.34216952599691
