VERSION=1.1
NAME=IRIDIUM 54 [+]
NICKNAME=IRIDIUM 54 [+]
TLE1=1 25171U 98010C   09215.27603394 -.00000496  00000-0 -18403-3 0  6442
TLE2=2 25171  86.3982 111.9126 0002414  83.6161 276.5309 14.34216501599867
