VERSION=1.1
NAME=IRIDIUM 53 [+]
NICKNAME=IRIDIUM 53 [+]
TLE1=1 25173U 98010E   09215.46631265 -.00000609  00000-0 -22453-3 0  6517
TLE2=2 25173  86.3978 111.8140 0002441  79.1288 281.0180 14.34217552599730
