VERSION=1.1
NAME=IRIDIUM 56 [+]
NICKNAME=IRIDIUM 56 [+]
TLE1=1 25170U 98010B   09215.24432112 -.00000724  00000-0 -26569-3 0  4440
TLE2=2 25170  86.3967 111.9692 0002415  83.0480 277.0975 14.34216330599692
