VERSION=1.1
NAME=NSS-806
NICKNAME=NSS-806
TLE1=1 25239U 98014A   09215.94737039 -.00000266  00000-0  10000-3 0  4446
TLE2=2 25239   0.0030 311.6661 0003308 188.8010 112.7171  1.00270655 41944
