VERSION=1.1
NAME=ATLANTIC BIRD 4
NICKNAME=ATLANTIC BIRD 4
TLE1=1 25237U 98013A   09214.81493946  .00000098  00000-0  10000-3 0  9979
TLE2=2 25237   0.0500  54.2230 0002116   2.6463 203.8316  1.00274018 42173
