VERSION=1.1
NAME=IRIDIUM 61 [+]
NICKNAME=IRIDIUM 61 [+]
TLE1=1 25263U 98018B   09215.16478955  .00000124  00000-0  37144-4 0  6094
TLE2=2 25263  86.3939  80.3942 0002351  79.5782 280.5678 14.34219849594787
