VERSION=1.1
NAME=SPOT 4
NICKNAME=SPOT 4
TLE1=1 25260U 98017A   09215.76319377  .00000130  00000-0  81699-4 0  3478
TLE2=2 25260  98.6952 287.7854 0001645  98.7882  10.6531 14.20040206589080
