VERSION=1.1
NAME=IRIDIUM 51 [S]
NICKNAME=IRIDIUM 51 [S]
TLE1=1 25262U 98018A   09215.49252688  .00000129  00000-0  32644-4 0  7638
TLE2=2 25262  86.4446  80.3353 0002527  75.9944 284.1538 14.42956452598192
