VERSION=1.1
NAME=IRIDIUM 58 [+]
NICKNAME=IRIDIUM 58 [+]
TLE1=1 25274U 98019C   09215.49752082  .00000048  00000-0  10232-4 0  4541
TLE2=2 25274  86.3918  48.8060 0002389  78.6658 281.4807 14.34217158594032
