VERSION=1.1
NAME=IRIDIUM 60 [+]
NICKNAME=IRIDIUM 60 [+]
TLE1=1 25276U 98019E   09215.51021183  .00000110  00000-0  32160-4 0  6789
TLE2=2 25276  86.3907  48.5410 0002405  84.0835 276.0637 14.34216988594036
