VERSION=1.1
NAME=IRIDIUM 59 [+]
NICKNAME=IRIDIUM 59 [+]
TLE1=1 25275U 98019D   09215.50386597 -.00000071  00000-0 -32535-4 0  2982
TLE2=2 25275  86.3919  48.8123 0002522  61.3688 298.7762 14.34216536594035
