VERSION=1.1
NAME=IRIDIUM 57 [+]
NICKNAME=IRIDIUM 57 [+]
TLE1=1 25273U 98019B   09215.49117998  .00000037  00000-0  60585-5 0  6436
TLE2=2 25273  86.3919  48.6963 0002389  76.6412 283.5069 14.34216999594033
