VERSION=1.1
NAME=IRIDIUM 55 [+]
NICKNAME=IRIDIUM 55 [+]
TLE1=1 25272U 98019A   09215.51654842  .00000008  00000-0 -42669-5 0  6108
TLE2=2 25272  86.3927  48.5070 0002388  79.1384 281.0084 14.34216926594034
