VERSION=1.1
NAME=TRACE
NICKNAME=TRACE
TLE1=1 25280U 98020A   09215.57518908 -.00000087  00000-0 -23094-5 0  2607
TLE2=2 25280  97.6796  64.3011 0022707  95.0340 265.3478 14.98830730618156
