VERSION=1.1
NAME=IRIDIUM 62 [+]
NICKNAME=IRIDIUM 62 [+]
TLE1=1 25285U 98021A   09215.40201759  .00000152  00000-0  47164-4 0  6336
TLE2=2 25285  86.3976 345.4247 0002336  83.2150 276.9306 14.34213458592975
