VERSION=1.1
NAME=IRIDIUM 65 [+]
NICKNAME=IRIDIUM 65 [+]
TLE1=1 25288U 98021D   09215.49081550  .00000144  00000-0  44278-4 0  6416
TLE2=2 25288  86.3972 345.3614 0002437  74.4421 285.7043 14.34213334592986
