VERSION=1.1
NAME=IRIDIUM 64 [+]
NICKNAME=IRIDIUM 64 [+]
TLE1=1 25287U 98021C   09215.41470722  .00000172  00000-0  54535-4 0  6003
TLE2=2 25287  86.3980 345.4412 0002413  84.6324 275.5141 14.34213430592950
