VERSION=1.1
NAME=IRIDIUM 63 [+]
NICKNAME=IRIDIUM 63 [+]
TLE1=1 25286U 98021B   09215.47812716  .00000134  00000-0  40843-4 0  6477
TLE2=2 25286  86.3979 345.4787 0002370  84.0036 276.1427 14.34213468592986
