VERSION=1.1
NAME=IRIDIUM 66 [+]
NICKNAME=IRIDIUM 66 [+]
TLE1=1 25289U 98021E   09215.49715521  .00000131  00000-0  39825-4 0  5966
TLE2=2 25289  86.3976 345.2870 0002475  82.1656 277.9819 14.34213536592980
