VERSION=1.1
NAME=IRIDIUM 67 [+]
NICKNAME=IRIDIUM 67 [+]
TLE1=1 25290U 98021F   09215.50350571  .00000125  00000-0  37483-4 0  4263
TLE2=2 25290  86.3981 345.3761 0002397  83.3580 276.7888 14.34213180592999
