VERSION=1.1
NAME=IRIDIUM 68 [+]
NICKNAME=IRIDIUM 68 [+]
TLE1=1 25291U 98021G   09215.44007585  .00000095  00000-0  26908-4 0  6382
TLE2=2 25291  86.3975 345.4680 0002381  83.4100 276.7363 14.34213177592956
