VERSION=1.1
NAME=GLOBALSTAR M014
NICKNAME=GLOBALSTAR M014
TLE1=1 25306U 98023A   09215.10974569 -.00000084  00000-0  10000-3 0  2604
TLE2=2 25306  51.9902 164.6769 0009363 239.6356 120.3569 12.38376264513263
