VERSION=1.1
NAME=GLOBALSTAR M015
NICKNAME=GLOBALSTAR M015
TLE1=1 25308U 98023C   09215.32111190 -.00000086  00000-0  10000-3 0   995
TLE2=2 25308  51.9960 146.1044 0001488 322.8744  37.2014 12.62266646520174
