VERSION=1.1
NAME=GLOBALSTAR M008
NICKNAME=GLOBALSTAR M008
TLE1=1 25309U 98023D   09215.85560155 -.00000086  00000-0  10000-3 0   768
TLE2=2 25309  51.9937 144.2797 0001013  92.0512 268.0465 12.62265348520257
