VERSION=1.1
NAME=GLOBALSTAR M006
NICKNAME=GLOBALSTAR M006
TLE1=1 25307U 98023B   09215.81596366 -.00000086  00000-0  10000-3 0   923
TLE2=2 25307  51.9971 145.1671 0000329 287.2600  72.8222 12.62263636520237
