VERSION=1.1
NAME=NILESAT 101
NICKNAME=NILESAT 101
TLE1=1 25311U 98024A   09212.64137628 -.00000063  00000-0  10000-3 0  7549
TLE2=2 25311   0.0378  78.8401 0004698  42.3317  52.0841  1.00271705 41511
