VERSION=1.1
NAME=COSMOS 2350
NICKNAME=COSMOS 2350
TLE1=1 25315U 98025A   09213.11719049 -.00000053  00000-0  10000-3 0  3769
TLE2=2 25315   7.4800  61.7794 0005739   1.0524 358.9932  1.00278924 41240
