VERSION=1.1
NAME=IRIDIUM 69 [-]
NICKNAME=IRIDIUM 69 [-]
TLE1=1 25319U 98026A   09215.50607385  .00000095  00000-0  25319-4 0  4742
TLE2=2 25319  86.3979  13.3034 0002785  37.4225 322.7169 14.37096516589973
