VERSION=1.1
NAME=IRIDIUM 71 [-]
NICKNAME=IRIDIUM 71 [-]
TLE1=1 25320U 98026B   09215.45879131  .00000077  00000-0  19150-4 0  1640
TLE2=2 25320  86.3963  10.7093 0004475  71.1615 289.0067 14.37685587590257
