VERSION=1.1
NAME=NOAA 15
NICKNAME=NOAA 15
TLE1=1 25338U 98030A   09215.38563496 -.00000081  00000-0 -16215-4 0   285
TLE2=2 25338  98.5861 203.5647 0009524 282.2000  77.8136 14.24776368583490
