VERSION=1.1
NAME=ECHOSTAR 4
NICKNAME=ECHOSTAR 4
TLE1=1 25331U 98028A   09214.43849370 -.00000248  00000-0  10000-3 0   300
TLE2=2 25331   1.2078  50.9078 0005066  66.7648 274.1595  1.00269474 41277
