VERSION=1.1
NAME=IRIDIUM 70 [+]
NICKNAME=IRIDIUM 70 [+]
TLE1=1 25342U 98032A   09215.46543468  .00000119  00000-0  35341-4 0  6555
TLE2=2 25342  86.3979 345.5660 0002383  84.0353 276.1111 14.34213657587069
