VERSION=1.1
NAME=IRIDIUM 72 [+]
NICKNAME=IRIDIUM 72 [+]
TLE1=1 25343U 98032B   09215.45276320  .00000116  00000-0  34280-4 0  6395
TLE2=2 25343  86.3973 345.3702 0002403  85.6531 274.4936 14.34213082587065
