VERSION=1.1
NAME=IRIDIUM 73 [-]
NICKNAME=IRIDIUM 73 [-]
TLE1=1 25344U 98032C   09215.47973686  .00000091  00000-0  19280-4 0  5290
TLE2=2 25344  86.4455 335.6924 0001832  63.5307 296.6087 14.47134601591567
