VERSION=1.1
NAME=IRIDIUM 75 [+]
NICKNAME=IRIDIUM 75 [+]
TLE1=1 25346U 98032E   09215.38932733  .00000135  00000-0  41030-4 0  6715
TLE2=2 25346  86.3983 345.5468 0002387  82.6586 277.4881 14.34213598587624
