VERSION=1.1
NAME=IRIDIUM 74 [S]
NICKNAME=IRIDIUM 74 [S]
TLE1=1 25345U 98032D   09215.51298476  .00000078  00000-0  17239-4 0  6695
TLE2=2 25345  86.4501 345.4983 0002537  84.6824 275.4663 14.42949238588213
