VERSION=1.1
NAME=CHINASTAR 1
NICKNAME=CHINASTAR 1
TLE1=1 25354U 98033A   09215.65156625 -.00000211  00000-0  10000-3 0  5811
TLE2=2 25354   0.0401 239.9724 0002503 231.4436 162.9392  1.00268576 45506
