VERSION=1.1
NAME=THOR III
NICKNAME=THOR III
TLE1=1 25358U 98035A   09212.62215078 -.00000015  00000-0  10000-3 0  4708
TLE2=2 25358   0.0197  96.0608 0001772  21.7763  54.6411  1.00272674 40907
