VERSION=1.1
NAME=INTELSAT 805 (IS-805)
NICKNAME=INTELSAT 805 (IS-805)
TLE1=1 25371U 98037A   09213.43328333 -.00000291  00000-0  10000-3 0  3866
TLE2=2 25371   0.0495 239.1619 0003119 220.5625 310.9290  1.00273466 40765
