VERSION=1.1
NAME=MOLNIYA 3-49
NICKNAME=MOLNIYA 3-49
TLE1=1 25379U 98040A   09215.07953382  .00000043  00000-0  19074-3 0  9082
TLE2=2 25379  63.8278  47.3983 7458498 254.2902  19.2225  2.00689114 81264
