VERSION=1.1
NAME=FASAT B
NICKNAME=FASAT B
TLE1=1 25395U 98043B   09215.54040998  .00000016  00000-0  24393-4 0  5149
TLE2=2 25395  98.3339 244.2218 0003871  72.1474 288.0138 14.24356719575186
