VERSION=1.1
NAME=WESTPAC
NICKNAME=WESTPAC
TLE1=1 25398U 98043E   09215.17131443 -.00000049  00000-0 -38302-5 0  5871
TLE2=2 25398  98.3270 233.8390 0002290  82.1051 278.0407 14.22676106574690
