VERSION=1.1
NAME=TECHSAT 1B (GO-32)
NICKNAME=TECHSAT 1B (GO-32)
TLE1=1 25397U 98043D   09214.75599366 -.00000147  00000-0 -47206-4 0  9566
TLE2=2 25397  98.3256 234.6007 0002256 107.5299 252.6132 14.23160986574750
