VERSION=1.1
NAME=SAFIR 2
NICKNAME=SAFIR 2
TLE1=1 25399U 98043F   09215.06416345 -.00000167  00000-0 -55163-4 0  3981
TLE2=2 25399  98.3302 242.3217 0002628  64.0877 296.0584 14.23938818575026
