VERSION=1.1
NAME=TMSAT-1 (TO-31)
NICKNAME=TMSAT-1 (TO-31)
TLE1=1 25396U 98043C   09215.85628834 -.00000075  00000-0 -15116-4 0  4672
TLE2=2 25396  98.3320 241.3447 0003653  93.7539 266.4054 14.23781140575083
