VERSION=1.1
NAME=SL-16 R/B
NICKNAME=SL-16 R/B
TLE1=1 25407U 98045B   09214.80129647 -.00000123  00000-0 -38577-4 0  1069
TLE2=2 25407  71.0126 322.5388 0009749 268.6167  91.3826 14.15501624569269
