VERSION=1.1
NAME=SINOSAT 1 (XINNUO 1)
NICKNAME=SINOSAT 1 (XINNUO 1)
TLE1=1 25404U 98044A   09213.91750822 -.00000357  00000-0  10000-3 0  1542
TLE2=2 25404   0.0431  61.9944 0002463  37.0090 292.3866  1.00268570 40629
