VERSION=1.1
NAME=SL-16 R/B
NICKNAME=SL-16 R/B
TLE1=1 25400U 98043G   09214.71340217 -.00000037  00000-0  19080-5 0  2803
TLE2=2 25400  98.3695 260.3246 0010801  95.6903 264.5513 14.25099534575496
