VERSION=1.1
NAME=ORBCOMM FM15 [+]
NICKNAME=ORBCOMM FM15 [+]
TLE1=1 25418U 98046F   09215.52482839 -.00000102  00000-0  14789-4 0  1556
TLE2=2 25418  45.0010  42.7331 0001395 301.7848  58.2854 14.27602451573459
