VERSION=1.1
NAME=ORBCOMM FM18 [+]
NICKNAME=ORBCOMM FM18 [+]
TLE1=1 25414U 98046B   09215.55481893  .00000265  00000-0  16254-3 0   235
TLE2=2 25414  44.9974  41.0674 0001898 206.3233 153.7549 14.27621214573461
