VERSION=1.1
NAME=ORBCOMM FM17 [+]
NICKNAME=ORBCOMM FM17 [+]
TLE1=1 25413U 98046A   09215.83663408  .00000080  00000-0  88028-4 0   840
TLE2=2 25413  44.9978  40.0121 0000772 246.1927 113.8831 14.27543252573503
