VERSION=1.1
NAME=ORBCOMM FM20 [+]
NICKNAME=ORBCOMM FM20 [+]
TLE1=1 25416U 98046D   09215.01485362 -.00000164  00000-0 -10349-4 0  5025
TLE2=2 25416  44.9980  43.9599 0000605 179.6999 180.3867 14.27622386573340
