VERSION=1.1
NAME=ORBCOMM FM14 [+]
NICKNAME=ORBCOMM FM14 [+]
TLE1=1 25419U 98046G   09214.76494779  .00000154  00000-0  11783-3 0  1161
TLE2=2 25419  44.9998  46.2208 0000387  70.0174 290.0691 14.27625566573348
