VERSION=1.1
NAME=ORBCOMM FM16 [+]
NICKNAME=ORBCOMM FM16 [+]
TLE1=1 25417U 98046E   09215.02493821 -.00000146  00000-0 -27504-5 0  1046
TLE2=2 25417  45.0014  44.8459 0001304 355.5363   4.5472 14.27620338573381
