VERSION=1.1
NAME=ORBCOMM FM19 [+]
NICKNAME=ORBCOMM FM19 [+]
TLE1=1 25415U 98046C   09214.93460796 -.00000095  00000-0  17552-4 0   602
TLE2=2 25415  44.9981  44.1557 0000978 215.4446 144.6340 14.27615245573374
