VERSION=1.1
NAME=ORBCOMM FM13 [+]
NICKNAME=ORBCOMM FM13 [+]
TLE1=1 25420U 98046H   09214.84495956  .00000210  00000-0  14058-3 0  9967
TLE2=2 25420  45.0017  46.2079 0001119 274.5049  85.5653 14.27622366573380
