VERSION=1.1
NAME=IRIDIUM 3 [+]
NICKNAME=IRIDIUM 3 [+]
TLE1=1 25431U 98048A   09215.51309955 -.00000021  00000-0 -14541-4 0  6089
TLE2=2 25431  86.3945  17.0771 0002816  70.9880 289.1614 14.34214783573580
