VERSION=1.1
NAME=IRIDIUM 76 [+]
NICKNAME=IRIDIUM 76 [+]
TLE1=1 25432U 98048B   09215.53212235 -.00000001  00000-0 -72586-5 0  5357
TLE2=2 25432  86.3939  16.9158 0002992  86.3935 273.7598 14.34215184573573
