VERSION=1.1
NAME=ST-1
NICKNAME=ST-1
TLE1=1 25460U 98049A   09213.93837160 -.00000217  00000-0  10000-3 0  6856
TLE2=2 25460   0.0145  54.7475 0004119  68.9474 252.7770  1.00271209 40088
