VERSION=1.1
NAME=IRIDIUM 82 [+]
NICKNAME=IRIDIUM 82 [+]
TLE1=1 25467U 98051A   09215.36199325  .00000197  00000-0  63209-4 0  7643
TLE2=2 25467  86.4025 143.4788 0002337  57.3943 302.7477 14.34219783574561
