VERSION=1.1
NAME=IRIDIUM 80 [+]
NICKNAME=IRIDIUM 80 [+]
TLE1=1 25469U 98051C   09215.40639961  .00000145  00000-0  44769-4 0  5916
TLE2=2 25469  86.4019 143.4311 0002468  77.1242 283.0229 14.34219270570793
