VERSION=1.1
NAME=IRIDIUM 81 [+]
NICKNAME=IRIDIUM 81 [+]
TLE1=1 25468U 98051B   09215.35562582  .00000141  00000-0  43308-4 0  5951
TLE2=2 25468  86.4009 143.3239 0002316  76.7211 283.4238 14.34218962570782
