VERSION=1.1
NAME=ASTRA 2A
NICKNAME=ASTRA 2A
TLE1=1 25462U 98050A   09206.00000000  .00000137  00000-0  00000+0 0   775
TLE2=2 25462   0.0510 116.7200 0003967   8.2120 206.1020  1.00265028 39986
