VERSION=1.1
NAME=ORBCOMM FM22 [+]
NICKNAME=ORBCOMM FM22 [+]
TLE1=1 25476U 98053B   09214.90453657 -.00000308  00000-0 -66209-4 0  7611
TLE2=2 25476  45.0099 134.3252 0002234 292.3643  67.6964 14.28944964566481
