VERSION=1.1
NAME=INTELSAT 7 (IS-7)
NICKNAME=INTELSAT 7 (IS-7)
TLE1=1 25473U 98052A   09213.93692987 -.00000031  00000-0  10000-3 0  8250
TLE2=2 25473   0.0143 119.3069 0003411  13.8578 223.4178  1.00272525 39846
