VERSION=1.1
NAME=ORBCOMM FM24 [+]
NICKNAME=ORBCOMM FM24 [+]
TLE1=1 25478U 98053D   09215.16101288  .00000123  00000-0  10302-3 0  6368
TLE2=2 25478  45.0111 133.0882 0002611 310.6440  49.4182 14.28943711566671
