VERSION=1.1
NAME=ORBCOMM FM25 [+]
NICKNAME=ORBCOMM FM25 [+]
TLE1=1 25479U 98053E   09215.19555574 -.00000279  00000-0 -54898-4 0  9369
TLE2=2 25479  45.0099 132.3055 0003617 279.0222  81.0208 14.28950824566678
