VERSION=1.1
NAME=IRIDIUM 77 [+]
NICKNAME=IRIDIUM 77 [+]
TLE1=1 25471U 98051E   09215.34294890  .00000143  00000-0  44037-4 0  7626
TLE2=2 25471  86.4006 143.3252 0003591  71.1395 289.0188 14.34219681575988
