VERSION=1.1
NAME=ORBCOMM FM23 [+]
NICKNAME=ORBCOMM FM23 [+]
TLE1=1 25477U 98053C   09215.80166425  .00000083  00000-0  87000-4 0   620
TLE2=2 25477  45.0091 129.8744 0001794 281.4632  78.6024 14.28952250566785
