VERSION=1.1
NAME=ORBCOMM FM21 [+]
NICKNAME=ORBCOMM FM21 [+]
TLE1=1 25475U 98053A   09214.79971564  .00000330  00000-0  18410-3 0   783
TLE2=2 25475  45.0102 134.4300 0000861 200.1041 159.9777 14.28945907566488
