VERSION=1.1
NAME=ORBCOMM FM28 [-]
NICKNAME=ORBCOMM FM28 [-]
TLE1=1 25482U 98053H   09215.81129997 -.00000275  00000-0 -52134-4 0  6610
TLE2=2 25482  45.0111 101.9923 0003748 274.4388  85.6022 14.30074365567103
