VERSION=1.1
NAME=ORBCOMM FM26 [-]
NICKNAME=ORBCOMM FM26 [-]
TLE1=1 25480U 98053F   09214.95836280 -.00000293  00000-0 -60070-4 0   108
TLE2=2 25480  45.0090 124.4391 0006527 268.0732  91.9342 14.29243671566735
