VERSION=1.1
NAME=MOLNIYA 1-91
NICKNAME=MOLNIYA 1-91
TLE1=1 25485U 98054A   09215.26630039  .00000186  00000-0  10000-3 0  6396
TLE2=2 25485  63.8379 174.6556 6804130 260.5188 261.7663  2.00589740 79459
