VERSION=1.1
NAME=ORBCOMM FM27 [+]
NICKNAME=ORBCOMM FM27 [+]
TLE1=1 25481U 98053G   09215.83660163  .00000259  00000-0  15642-3 0  5538
TLE2=2 25481  45.0084 129.0198 0001881 339.7952  20.2791 14.28949707566761
