VERSION=1.1
NAME=SIRIUS 3
NICKNAME=SIRIUS 3
TLE1=1 25492U 98056B   09212.60136624  .00000028  00000-0  10000-3 0  5295
TLE2=2 25492   0.5820  82.9153 0002184  31.1496  56.6732  1.00273270 39728
