VERSION=1.1
NAME=EUROBIRD 2
NICKNAME=EUROBIRD 2
TLE1=1 25495U 98057A   09214.96545712  .00000138  00000-0  10000-3 0  7027
TLE2=2 25495   0.0671 352.6975 0003670 105.4498 226.5711  1.00271237 39655
