VERSION=1.1
NAME=EUTELSAT W2
NICKNAME=EUTELSAT W2
TLE1=1 25491U 98056A   09214.81494331  .00000099  00000-0  10000-3 0  7336
TLE2=2 25491   0.0148 357.6766 0008140 154.5310 108.6293  1.00274131 39682
