VERSION=1.1
NAME=SEDSAT 1 (SO-33)
NICKNAME=SEDSAT 1 (SO-33)
TLE1=1 25509U 98061B   09215.16631758  .00000211  00000-0  31672-4 0  5127
TLE2=2 25509  31.4311 146.8387 0354077  29.2338 332.7608 14.28259913562552
