VERSION=1.1
NAME=AFRISTAR
NICKNAME=AFRISTAR
TLE1=1 25515U 98063A   09214.81523153  .00000122  00000-0  10000-3 0  5533
TLE2=2 25515   0.0324 323.4352 0004575 163.7746 138.7714  1.00273773 39436
