VERSION=1.1
NAME=AMC-5 (GE-5)
NICKNAME=AMC-5 (GE-5)
TLE1=1 25516U 98063B   09215.22543681 -.00000239  00000-0  10000-3 0  4975
TLE2=2 25516   0.0258  94.7296 0002949  35.7290 183.6507  1.00270750 39478
