VERSION=1.1
NAME=IRIDIUM 2 [-]
NICKNAME=IRIDIUM 2 [-]
TLE1=1 25527U 98066A   09215.49212942  .00000303  00000-0  22882-4 0   230
TLE2=2 25527  85.5618 253.5995 0012020  32.1295 328.0665 14.98023537585315
