VERSION=1.1
NAME=PAN SAT (PO-34)
NICKNAME=PAN SAT (PO-34)
TLE1=1 25520U 98064B   09215.61259158  .00000349  00000-0  73664-5 0  2984
TLE2=2 25520  28.4610 297.2719 0005322 103.7135 256.4050 15.17360283595867
