VERSION=1.1
NAME=IRIDIUM 86 [+]
NICKNAME=IRIDIUM 86 [+]
TLE1=1 25528U 98066B   09215.23163727 -.00000436  00000-0 -16294-3 0  8134
TLE2=2 25528  86.3979 111.6461 0002952  66.6578 293.4927 14.34216243567297
