VERSION=1.1
NAME=INTELSAT 8 (IS-8)
NICKNAME=INTELSAT 8 (IS-8)
TLE1=1 25522U 98065A   09215.47352623 -.00000062  00000-0  10000-3 0  6689
TLE2=2 25522   0.0706 260.1724 0004014 226.4793 161.9727  1.00271916 39434
