VERSION=1.1
NAME=IRIDIUM 84 [+]
NICKNAME=IRIDIUM 84 [+]
TLE1=1 25530U 98066D   09215.26334860 -.00000015  00000-0 -12454-4 0  4750
TLE2=2 25530  86.3980 111.7423 0002449  77.5336 282.6133 14.34217089564931
