VERSION=1.1
NAME=IRIDIUM 83 [+]
NICKNAME=IRIDIUM 83 [+]
TLE1=1 25531U 98066E   09215.29506320 -.00000445  00000-0 -16607-3 0  5892
TLE2=2 25531  86.3969 111.7443 0002548  74.1160 286.0316 14.34216013562293
