VERSION=1.1
NAME=BONUM 1
NICKNAME=BONUM 1
TLE1=1 25546U 98068A   09214.86250065  .00000074  00000-0  10000-3 0  3530
TLE2=2 25546   0.0578  96.6099 0003043 351.8936 229.5102  1.00269841 39259
