VERSION=1.1
NAME=ISS (ZARYA)
NICKNAME=ISS (ZARYA)
TLE1=1 25544U 98067A   09214.91120747  .00002900  00000-0  24809-4 0  3405
TLE2=2 25544  51.6400  66.9554 0007713 287.2769 160.5572 15.73469401613312
