VERSION=1.1
NAME=SATMEX 5
NICKNAME=SATMEX 5
TLE1=1 25558U 98070A   09215.46160050 -.00000018  00000-0  10000-3 0  5112
TLE2=2 25558   0.0080  93.1470 0002359   9.5496 258.8264  1.00272348 39263
