VERSION=1.1
NAME=ASTRID 2
NICKNAME=ASTRID 2
TLE1=1 25568U 98072B   09215.73988386 -.00000077  00000-0 -10151-3 0  1237
TLE2=2 25568  82.9503 304.3867 0023753 284.6491  75.2039 13.71993641533180
