VERSION=1.1
NAME=SWAS
NICKNAME=SWAS
TLE1=1 25560U 98071A   09215.52544939  .00000004  00000-0  10031-4 0   119
TLE2=2 25560  69.9008 247.4322 0009136 185.3589 174.7482 14.86883252577407
