VERSION=1.1
NAME=IRIDIUM 20 [+]
NICKNAME=IRIDIUM 20 [+]
TLE1=1 25577U 98074A   09215.49406606  .00000016  00000-0 -13636-5 0  5297
TLE2=2 25577  86.3945  16.8957 0002331  81.0478 279.0981 14.34215211556406
