VERSION=1.1
NAME=IRIDIUM 11 [S]
NICKNAME=IRIDIUM 11 [S]
TLE1=1 25578U 98074B   09215.48949832  .00000047  00000-0  59412-5 0  7242
TLE2=2 25578  86.5133  17.1068 0002492  79.7017 280.4470 14.54938388564425
