VERSION=1.1
NAME=COSMOS 2361
NICKNAME=COSMOS 2361
TLE1=1 25590U 98076A   09215.10750193  .00000017  00000-0  25377-5 0  1050
TLE2=2 25590  82.9312  80.4180 0030739 316.3885  43.4845 13.72705873531465
