VERSION=1.1
NAME=GLOBALSTAR M038
NICKNAME=GLOBALSTAR M038
TLE1=1 25624U 99004D   09215.50167344 -.00000086  00000-0  10000-3 0   145
TLE2=2 25624  52.0032  12.7074 0001887  81.6112 278.4963 12.62260705484508
