VERSION=1.1
NAME=GLOBALSTAR M036
NICKNAME=GLOBALSTAR M036
TLE1=1 25623U 99004C   09215.77154301 -.00000086  00000-0  10000-3 0   142
TLE2=2 25623  52.0016  56.0647 0001471  61.8402 298.2604 12.62265933483797
