VERSION=1.1
NAME=GLOBALSTAR M023
NICKNAME=GLOBALSTAR M023
TLE1=1 25621U 99004A   09215.07894221 -.00000086  00000-0  10000-3 0   673
TLE2=2 25621  52.0115  60.6449 0008453 280.0143  79.9752 12.62223064483674
