VERSION=1.1
NAME=GALAXY 26 (G-26)
NICKNAME=GALAXY 26 (G-26)
TLE1=1 25626U 99005A   09214.87768977  .00000105  00000-0  10000-3 0  5197
TLE2=2 25626   0.0139  22.7208 0002911 108.3861 187.1814  1.00272809 38344
