VERSION=1.1
NAME=GLOBALSTAR M040
NICKNAME=GLOBALSTAR M040
TLE1=1 25622U 99004B   09215.81031906 -.00000086  00000-0  10000-3 0   501
TLE2=2 25622  51.9929  54.0319 0002177  48.8332 311.2717 12.62269639483789
