VERSION=1.1
NAME=SUNSAT (SO-35)
NICKNAME=SUNSAT (SO-35)
TLE1=1 25636U 99008C   09215.67746865  .00000013  00000-0  10889-4 0  3745
TLE2=2 25636  96.4514  28.2775 0149608  71.6367 290.1031 14.43469422549959
