VERSION=1.1
NAME=BADR-3 (ARABSAT-3A)
NICKNAME=BADR-3 (ARABSAT-3A)
TLE1=1 25638U 99009A   09214.72772539  .00000148  00000-0  10000-3 0  6713
TLE2=2 25638   0.8070  82.3186 0006913  55.7830 105.9834  1.00274016 38277
