VERSION=1.1
NAME=JCSAT 6
NICKNAME=JCSAT 6
TLE1=1 25630U 99006A   09214.65518270 -.00000362  00000-0  10000-3 0  5565
TLE2=2 25630   0.0133 180.1888 0001556 327.1505 163.8756  1.00270931 38201
