VERSION=1.1
NAME=SKYNET 4E
NICKNAME=SKYNET 4E
TLE1=1 25639U 99009B   09215.98129611  .00000144  00000-0  10000-3 0  6301
TLE2=2 25639   5.5171  51.8445 0003011  65.2631 224.1648  1.00273165 38251
