VERSION=1.1
NAME=ARGOS
NICKNAME=ARGOS
TLE1=1 25634U 99008A   09215.07230318  .00000130  00000-0  84405-4 0  7815
TLE2=2 25634  99.0088 252.9075 0010206 169.3899 190.7491 14.18911542540691
