VERSION=1.1
NAME=ORSTED
NICKNAME=ORSTED
TLE1=1 25635U 99008B   09214.57605388  .00000036  00000-0  16377-4 0  6977
TLE2=2 25635  96.4458  34.6760 0144544  42.1420 319.0791 14.45822941550448
