VERSION=1.1
NAME=GLOBALSTAR M022
NICKNAME=GLOBALSTAR M022
TLE1=1 25649U 99012A   09214.62201759 -.00000084  00000-0  10000-3 0  9835
TLE2=2 25649  52.0103 270.5331 0000713 138.6897 221.4010 12.38626462477876
