VERSION=1.1
NAME=RADUGA-1 4
NICKNAME=RADUGA-1 4
TLE1=1 25642U 99010A   09210.04209473 -.00000344  00000-0  10000-3 0  2808
TLE2=2 25642   8.9743  68.4524 0002653 118.0933 241.9513  1.00226541 38144
