VERSION=1.1
NAME=WIRE
NICKNAME=WIRE
TLE1=1 25646U 99011A   09214.89947184  .00004198  00000-0  58043-4 0  8703
TLE2=2 25646  97.2678 120.5758 0005950 325.5235  34.5633 15.57713806582356
