VERSION=1.1
NAME=GLOBALSTAR M046
NICKNAME=GLOBALSTAR M046
TLE1=1 25651U 99012C   09215.41273332 -.00000086  00000-0  10000-3 0   262
TLE2=2 25651  52.0016 191.7751 0001250 203.5672 156.5136 12.62260339479291
