VERSION=1.1
NAME=GLOBALSTAR M037
NICKNAME=GLOBALSTAR M037
TLE1=1 25652U 99012D   09215.13540760 -.00000086  00000-0  10000-3 0  9993
TLE2=2 25652  52.0003 193.8896 0001667 182.3102 177.7744 12.62267237479222
