VERSION=1.1
NAME=ASIASAT 3S
NICKNAME=ASIASAT 3S
TLE1=1 25657U 99013A   09215.70234984 -.00000339  00000-0  10000-3 0  3681
TLE2=2 25657   0.0355 225.8857 0002062 256.9489 187.9026  1.00270449 38034
