VERSION=1.1
NAME=GLOBALSTAR M041
NICKNAME=GLOBALSTAR M041
TLE1=1 25650U 99012B   09215.44372741 -.00000086  00000-0  10000-3 0   202
TLE2=2 25650  52.0058 193.5202 0001067 248.7650 111.3099 12.62269730479314
