VERSION=1.1
NAME=INSAT-2E (APR-1)
NICKNAME=INSAT-2E (APR-1)
TLE1=1 25666U 99016A   09212.73244758 -.00000171  00000-0  10000-3 0  5118
TLE2=2 25666   0.0528  74.8801 0003766  28.1482 193.1467  1.00272714 37945
