VERSION=1.1
NAME=GLOBALSTAR M019
NICKNAME=GLOBALSTAR M019
TLE1=1 25677U 99019B   09215.48431192 -.00000086  00000-0  10000-3 0   253
TLE2=2 25677  51.9930 235.4960 0001371 201.0225 159.0571 12.62264468476814
