VERSION=1.1
NAME=GLOBALSTAR M045
NICKNAME=GLOBALSTAR M045
TLE1=1 25676U 99019A   09214.91783646 -.00000086  00000-0  10000-3 0  1243
TLE2=2 25676  51.9931 192.4419 0001636 275.9981  84.0701 12.62259909476791
