VERSION=1.1
NAME=GLOBALSTAR M042
NICKNAME=GLOBALSTAR M042
TLE1=1 25679U 99019D   09215.11855052 -.00000086  00000-0  10000-3 0  1149
TLE2=2 25679  52.0043 283.3727 0001818 133.4569 226.6448 12.62270169475336
