VERSION=1.1
NAME=EUTELSAT W6
NICKNAME=EUTELSAT W6
TLE1=1 25673U 99018A   09214.81536221  .00000125  00000-0  10000-3 0  8478
TLE2=2 25673   0.0692 348.1001 0004629 143.6365 134.9066  1.00274421 37794
