VERSION=1.1
NAME=GLOBALSTAR M044
NICKNAME=GLOBALSTAR M044
TLE1=1 25678U 99019C   09214.87825790 -.00000086  00000-0  10000-3 0   235
TLE2=2 25678  52.0002 194.5100 0001077 217.5393 142.5401 12.62257118476137
