VERSION=1.1
NAME=LANDSAT 7
NICKNAME=LANDSAT 7
TLE1=1 25682U 99020A   09215.81678487 -.00000058  00000-0 -27923-5 0   252
TLE2=2 25682  98.2050 283.1458 0001635  88.6858 271.4513 14.57117959548018
