VERSION=1.1
NAME=UOSAT 12 (UO-36)
NICKNAME=UOSAT 12 (UO-36)
TLE1=1 25693U 99021A   09214.73332455 -.00000071  00000-0  92505-5 0  9775
TLE2=2 25693  64.5592 332.8445 0002689 298.1745  61.9087 14.78754886554720
