VERSION=1.1
NAME=SL-8 R/B
NICKNAME=SL-8 R/B
TLE1=1 25723U 99022C   09214.93021689  .00000031  00000-0  17317-4 0  3581
TLE2=2 25723  48.4450 174.2590 0022273 343.9720  16.0470 15.16097546566399
