VERSION=1.1
NAME=ABRIXAS
NICKNAME=ABRIXAS
TLE1=1 25721U 99022A   09215.86363598 -.00000856  00000-0 -24065-4 0  6263
TLE2=2 25721  48.4435  78.7216 0020527  51.3066 308.9698 15.20238762567710
