VERSION=1.1
NAME=CZ-4B R/B
NICKNAME=CZ-4B R/B
TLE1=1 25732U 99025C   09214.92309658 -.00000021  00000-0  10900-4 0  1688
TLE2=2 25732  98.6464 189.0712 0038267  27.9468 332.3754 14.17189303529323
