VERSION=1.1
NAME=MUBLCOM
NICKNAME=MUBLCOM
TLE1=1 25736U 99026B   09214.85660403  .00000010  00000-0  13860-4 0  7998
TLE2=2 25736  97.7641 142.0916 0004435 279.3692  80.6988 14.44568390537532
