VERSION=1.1
NAME=TERRIERS
NICKNAME=TERRIERS
TLE1=1 25735U 99026A   09215.20858246  .00000166  00000-0  96641-5 0  7790
TLE2=2 25735  97.2173  86.5456 0005702 249.1701 110.8925 15.23947586566042
