VERSION=1.1
NAME=NIMIQ 1
NICKNAME=NIMIQ 1
TLE1=1 25740U 99027A   09215.40000000 -.00000179  00000-0  00000+0 0  6754
TLE2=2 25740   0.0210 325.6410 0004606 139.3470 260.0170  1.00270399 37420
