VERSION=1.1
NAME=KITSAT 3
NICKNAME=KITSAT 3
TLE1=1 25756U 99029A   09214.93760734  .00000029  00000-0  18940-4 0  9727
TLE2=2 25756  98.6642  49.2644 0014539  34.1230 326.0908 14.52541699539940
