VERSION=1.1
NAME=DLR-TUBSAT
NICKNAME=DLR-TUBSAT
TLE1=1 25757U 99029B   09215.86766391 -.00000016  00000-0  80087-5 0   119
TLE2=2 25757  98.6849  40.8626 0015309  58.2241 302.0441 14.50845413539622
