VERSION=1.1
NAME=IRS-P4 (OCEANSAT 1)
NICKNAME=IRS-P4 (OCEANSAT 1)
TLE1=1 25758U 99029C   09215.37457411  .00000076  00000-0  30288-4 0  2132
TLE2=2 25758  98.2756 309.5934 0001566  86.9495 273.1882 14.50857282539705
