VERSION=1.1
NAME=GLOBALSTAR M052
NICKNAME=GLOBALSTAR M052
TLE1=1 25773U 99031D   09214.45814557 -.00000086  00000-0  10000-3 0  8731
TLE2=2 25773  51.9903 237.6493 0002046 172.2214 187.8673 12.62263516468011
