VERSION=1.1
NAME=IRIDIUM 21 [+]
NICKNAME=IRIDIUM 21 [+]
TLE1=1 25778U 99032B   09215.44640540  .00000083  00000-0  22443-4 0  5868
TLE2=2 25778  86.3974 345.4494 0004130 107.4132 252.7515 14.34213483536078
