VERSION=1.1
NAME=GLOBALSTAR M047
NICKNAME=GLOBALSTAR M047
TLE1=1 25772U 99031C   09215.50422876 -.00000086  00000-0  10000-3 0   402
TLE2=2 25772  51.9950 235.6103 0001212 177.2448 182.8415 12.62266048468142
