VERSION=1.1
NAME=GLOBALSTAR M025
NICKNAME=GLOBALSTAR M025
TLE1=1 25770U 99031A   09214.59363535 -.00000086  00000-0  10000-3 0  9649
TLE2=2 25770  51.9958 238.7975 0001071 171.4514 188.6370 12.62259061468020
