VERSION=1.1
NAME=GLOBALSTAR M049
NICKNAME=GLOBALSTAR M049
TLE1=1 25771U 99031B   09215.12798389 -.00000086  00000-0  10000-3 0  1708
TLE2=2 25771  51.9941 236.7674 0001656 161.3151 198.7767 12.62264822468091
