VERSION=1.1
NAME=IRIDIUM 14 [S]
NICKNAME=IRIDIUM 14 [S]
TLE1=1 25777U 99032A   09215.48575149  .00000171  00000-0  34885-4 0  6887
TLE2=2 25777  86.5164 345.4227 0002887  94.6553 265.4987 14.54938757538802
