VERSION=1.1
NAME=ASTRA 1H
NICKNAME=ASTRA 1H
TLE1=1 25785U 99033A   09206.00000000  .00000107  00000-0  00000+0 0  7869
TLE2=2 25785   0.0960 110.4100 0004688 359.3530 212.2560  1.00267601 37040
