VERSION=1.1
NAME=QUIKSCAT
NICKNAME=QUIKSCAT
TLE1=1 25789U 99034A   09215.57186615 -.00000030  00000-0  56248-5 0  4902
TLE2=2 25789  98.6348  44.0888 0001200  95.0291 265.1029 14.26788927527218
