VERSION=1.1
NAME=FUSE 1
NICKNAME=FUSE 1
TLE1=1 25791U 99035A   09215.50647409  .00000337  00000-0  47283-4 0  4909
TLE2=2 25791  24.9870  37.8304 0010385  51.9422 308.2072 14.41797636533237
