VERSION=1.1
NAME=MOLNIYA 3-50
NICKNAME=MOLNIYA 3-50
TLE1=1 25847U 99036A   09215.19863558  .00000344  00000-0  10000-3 0  6740
TLE2=2 25847  63.7264 265.1135 7009774 266.3883  18.3399  2.00615880 73798
