VERSION=1.1
NAME=GLOBALSTAR M030
NICKNAME=GLOBALSTAR M030
TLE1=1 25854U 99037D   09215.10049822 -.00000086  00000-0  10000-3 0  9589
TLE2=2 25854  52.0024 282.7719 0001537 165.9756 194.1154 12.62264775464326
