VERSION=1.1
NAME=GLOBALSTAR M032
NICKNAME=GLOBALSTAR M032
TLE1=1 25852U 99037B   09215.13813902 -.00000086  00000-0  10000-3 0  9421
TLE2=2 25852  52.0041 282.4437 0001622 120.4971 239.6058 12.62258585464338
