VERSION=1.1
NAME=GLOBALSTAR M051
NICKNAME=GLOBALSTAR M051
TLE1=1 25853U 99037C   09214.68499831 -.00000086  00000-0  10000-3 0  9545
TLE2=2 25853  52.0024 283.7477 0000423  67.4294 292.6614 12.62261931464273
