VERSION=1.1
NAME=GLOBALSTAR M035
NICKNAME=GLOBALSTAR M035
TLE1=1 25851U 99037A   09214.85679125 -.00000061  00000-0  10000-3 0  7752
TLE2=2 25851  51.9987  22.7868 0012878 312.4524  47.5180 11.04477221455695
