VERSION=1.1
NAME=SL-16 R/B
NICKNAME=SL-16 R/B
TLE1=1 25861U 99039B   09215.05101046 -.00000042  00000-0  93274-6 0  1121
TLE2=2 25861  97.7046 201.9264 0016876  16.8680 343.3082 14.76611082541254
