VERSION=1.1
NAME=OKEAN O
NICKNAME=OKEAN O
TLE1=1 25860U 99039A   09215.50004428  .00000008  00000-0  84640-5 0  7477
TLE2=2 25860  97.7897 194.8085 0001753  55.7344 304.4029 14.73582300540115
