VERSION=1.1
NAME=CXO
NICKNAME=CXO
TLE1=1 25867U 99040B   09214.08333333 -.00000359  00000-0  10000-3 0  3538
TLE2=2 25867  65.6378  67.4670 7612831 275.6749 357.3778  0.37806106  5188
