VERSION=1.1
NAME=GLOBALSTAR M028
NICKNAME=GLOBALSTAR M028
TLE1=1 25875U 99041D   09215.52901460 -.00000086  00000-0  10000-3 0  9588
TLE2=2 25875  52.0067 327.3577 0001347 121.4945 238.6041 12.62266164462499
