VERSION=1.1
NAME=GLOBALSTAR M043
NICKNAME=GLOBALSTAR M043
TLE1=1 25874U 99041C   09215.46944616 -.00000086  00000-0  10000-3 0  9838
TLE2=2 25874  52.0077 327.8396 0001202 124.5968 235.5016 12.62257014462483
