VERSION=1.1
NAME=GLOBALSTAR M026
NICKNAME=GLOBALSTAR M026
TLE1=1 25873U 99041B   09214.81877048 -.00000086  00000-0  10000-3 0  9750
TLE2=2 25873  52.0092 330.0154 0001686 127.8511 232.2505 12.62266018462406
