VERSION=1.1
NAME=GLOBALSTAR M048
NICKNAME=GLOBALSTAR M048
TLE1=1 25872U 99041A   09214.77681588 -.00000086  00000-0  10000-3 0  9936
TLE2=2 25872  52.0087 329.8424 0002060 105.4066 254.7022 12.62265685462401
