VERSION=1.1
NAME=GLOBALSTAR M053
NICKNAME=GLOBALSTAR M053
TLE1=1 25886U 99043D   09215.81018800 -.00000086  00000-0  10000-3 0  9659
TLE2=2 25886  52.0107  12.5588 0001224 123.5184 236.5791 12.62259814459650
