VERSION=1.1
NAME=GLOBALSTAR M054
NICKNAME=GLOBALSTAR M054
TLE1=1 25885U 99043C   09214.98720091 -.00000084  00000-0  10000-3 0  9273
TLE2=2 25885  52.0086 220.7245 0001698 264.9150  95.1513 12.38271773455845
