VERSION=1.1
NAME=TELKOM 1
NICKNAME=TELKOM 1
TLE1=1 25880U 99042A   09215.56700432 -.00000349  00000-0  10000-3 0  7732
TLE2=2 25880   0.0035 357.4618 0002282 157.2684 109.6125  1.00270154 36603
