VERSION=1.1
NAME=GLOBALSTAR M024
NICKNAME=GLOBALSTAR M024
TLE1=1 25883U 99043A   09215.54122554 -.00000086  00000-0  10000-3 0  9692
TLE2=2 25883  52.0091  13.4049 0001719  83.3956 276.7101 12.62260642459618
