VERSION=1.1
NAME=GLOBALSTAR M027
NICKNAME=GLOBALSTAR M027
TLE1=1 25884U 99043B   09215.52140098 -.00000086  00000-0  10000-3 0  9537
TLE2=2 25884  52.0087  13.3630 0000965 123.1034 236.9921 12.62265645459617
