VERSION=1.1
NAME=KOREASAT 3
NICKNAME=KOREASAT 3
TLE1=1 25894U 99046A   09214.91188356 -.00000367  00000-0  10000-3 0  3549
TLE2=2 25894   0.0379 259.9105 0000718 178.0264 318.1005  1.00270875 35370
