VERSION=1.1
NAME=YAMAL 102
NICKNAME=YAMAL 102
TLE1=1 25897U 99047B   09215.65230013 -.00000235  00000-0  10000-3 0  2456
TLE2=2 25897   5.5385  69.6057 0003310  57.9219 149.3539  1.00272096 36372
