VERSION=1.1
NAME=GLOBALSTAR M058
NICKNAME=GLOBALSTAR M058
TLE1=1 25907U 99049A   09215.79858962 -.00000086  00000-0  10000-3 0  9679
TLE2=2 25907  51.9985  10.1414 0000750  98.9017 261.1932 12.62258098455909
