VERSION=1.1
NAME=GLOBALSTAR M033
NICKNAME=GLOBALSTAR M033
TLE1=1 25909U 99049C   09215.54635303 -.00000086  00000-0  10000-3 0  9586
TLE2=2 25909  51.9986  11.0874 0000953  88.4335 271.6634 12.62266607455858
