VERSION=1.1
NAME=GLOBALSTAR M050
NICKNAME=GLOBALSTAR M050
TLE1=1 25908U 99049B   09215.40402159 -.00000079  00000-0  10000-3 0  9415
TLE2=2 25908  51.9980 186.4558 0008631 357.7821   2.2985 12.07307263452712
