VERSION=1.1
NAME=IKONOS 2
NICKNAME=IKONOS 2
TLE1=1 25919U 99051A   09215.69179250 -.00000247  00000-0 -37770-4 0  1519
TLE2=2 25919  98.1074 290.2477 0000839  78.0386 282.0910 14.64446993527017
