VERSION=1.1
NAME=ECHOSTAR 5
NICKNAME=ECHOSTAR 5
TLE1=1 25913U 99050A   09215.47024220  .00000124  00000-0  10000-3 0  7743
TLE2=2 25913   0.2318  81.9385 0003165  71.0522 180.5194  1.00272138 36115
