VERSION=1.1
NAME=GLOBALSTAR M055
NICKNAME=GLOBALSTAR M055
TLE1=1 25910U 99049D   09215.51422210 -.00000086  00000-0  10000-3 0  9766
TLE2=2 25910  52.0013  56.2819 0001404  53.8851 306.2145 12.62265575455107
