VERSION=1.1
NAME=ABS 1 (LMI 1)
NICKNAME=ABS 1 (LMI 1)
TLE1=1 25924U 99053A   09214.89537438 -.00000091  00000-0  10000-3 0  3114
TLE2=2 25924   0.0329 257.3630 0002469 242.7968 208.7117  1.00271354 36113
