VERSION=1.1
NAME=GALAXY 27 (G-27)
NICKNAME=GALAXY 27 (G-27)
TLE1=1 25922U 99052A   09212.44772222  .00000053  00000-0  10000-3 0  5245
TLE2=2 25922   0.0084  76.7552 0002400  33.9518 230.6592  1.00272171 36064
