VERSION=1.1
NAME=DIRECTV 1R
NICKNAME=DIRECTV 1R
TLE1=1 25937U 99056A   09215.29267503 -.00000263  00000-0  10000-3 0  7013
TLE2=2 25937   0.0373 236.4363 0002397 255.3739 213.0263  1.00271366 35970
