VERSION=1.1
NAME=GPS BIIR-03 (PRN 11)
NICKNAME=GPS BIIR-03 (PRN 11)
TLE1=1 25933U 99055A   09214.38452045  .00000043  00000-0  10000-3 0  4768
TLE2=2 25933  50.9534 203.8026 0093900  39.7741 320.9082  2.00560568 71973
