VERSION=1.1
NAME=GLOBALSTAR M031
NICKNAME=GLOBALSTAR M031
TLE1=1 25946U 99058D   09215.07120658 -.00000086  00000-0  10000-3 0  9598
TLE2=2 25946  51.9981 102.4501 0003174 350.2676   9.8130 12.62259117452534
