VERSION=1.1
NAME=CBERS 1 (ZY 1A)
NICKNAME=CBERS 1 (ZY 1A)
TLE1=1 25940U 99057A   09215.71328481 -.00000070  00000-0 -10458-4 0   308
TLE2=2 25940  98.1567 218.4444 0004122 311.6724  48.4089 14.34456710513623
