VERSION=1.1
NAME=GLOBALSTAR M056
NICKNAME=GLOBALSTAR M056
TLE1=1 25945U 99058C   09215.13162073 -.00000086  00000-0  10000-3 0  2796
TLE2=2 25945  51.9982 101.6254 0001446  76.5920 283.5104 12.62256058452522
