VERSION=1.1
NAME=TELSTAR 12 (ORION 2)
NICKNAME=TELSTAR 12 (ORION 2)
TLE1=1 25949U 99059A   09215.58476045 -.00000124  00000-0  10000-3 0  7076
TLE2=2 25949   0.0296 210.6760 0003200 273.0774  24.0250  1.00271460 35850
