VERSION=1.1
NAME=GLOBALSTAR M057
NICKNAME=GLOBALSTAR M057
TLE1=1 25943U 99058A   09214.30458523 -.00000086  00000-0  10000-3 0  4095
TLE2=2 25943  51.9993 150.2359 0000692 159.6544 200.4280 12.62259723451653
