VERSION=1.1
NAME=GLOBALSTAR M059
NICKNAME=GLOBALSTAR M059
TLE1=1 25944U 99058B   09215.83585592 -.00000086  00000-0  10000-3 0  9402
TLE2=2 25944  52.0035 145.8719 0000881 288.9605  71.1159 12.62262408451873
