VERSION=1.1
NAME=AMC-4 (GE-4)
NICKNAME=AMC-4 (GE-4)
TLE1=1 25954U 99060A   09215.36580644 -.00000119  00000-0  00000+0 0  7306
TLE2=2 25954   0.0589 247.2963 0002710 257.9167 197.5215  1.00271798 35697
