VERSION=1.1
NAME=GLOBALSTAR M034
NICKNAME=GLOBALSTAR M034
TLE1=1 25962U 99062B   09214.47990664 -.00000086  00000-0  10000-3 0   148
TLE2=2 25962  52.0016 329.5510 0001961  99.3618 260.7484 12.62263008447295
