VERSION=1.1
NAME=GLOBALSTAR M061
NICKNAME=GLOBALSTAR M061
TLE1=1 25964U 99062D   09215.09777637 -.00000074  00000-0  10000-3 0  9205
TLE2=2 25964  51.9804  66.1695 0004815 222.7088 137.3369 11.76682687439016
