VERSION=1.1
NAME=GLOBALSTAR M029
NICKNAME=GLOBALSTAR M029
TLE1=1 25963U 99062C   09215.79129269 -.00000086  00000-0  10000-3 0  2580
TLE2=2 25963  51.9945  54.4484 0001741  41.1854 318.9130 12.62259046457957
