VERSION=1.1
NAME=GLOBALSTAR M039
NICKNAME=GLOBALSTAR M039
TLE1=1 25961U 99062A   09215.63315045 -.00000086  00000-0  10000-3 0  2434
TLE2=2 25961  51.9959 279.8216 0001569 138.9728 221.1257 12.62263068448223
