VERSION=1.1
NAME=CLEMENTINE
NICKNAME=CLEMENTINE
TLE1=1 25978U 99064B   09215.26257112  .00000058  00000-0  13402-4 0  7043
TLE2=2 25978  98.1398 290.5553 0010204 340.4555  19.6195 14.85507289522901
