VERSION=1.1
NAME=HELIOS 1B
NICKNAME=HELIOS 1B
TLE1=1 25977U 99064A   09215.56098584  .00000476  00000-0  74157-4 0  5003
TLE2=2 25977  98.3433 217.9849 0001856 134.1664 225.9649 14.77708247518926
