VERSION=1.1
NAME=ORBCOMM FM32 [+]
NICKNAME=ORBCOMM FM32 [+]
TLE1=1 25982U 99065C   09214.63904623 -.00000277  00000-0 -53735-4 0  6299
TLE2=2 25982  45.0245 297.0605 0004074  55.5181 304.6047 14.29306621503924
