VERSION=1.1
NAME=ORBCOMM FM30 [+]
NICKNAME=ORBCOMM FM30 [+]
TLE1=1 25980U 99065A   09214.68511977  .00000227  00000-0  14414-3 0  6000
TLE2=2 25980  45.0350 299.4342 0001632  61.8475 298.2523 14.28838185503938
