VERSION=1.1
NAME=ORBCOMM FM35 [+]
NICKNAME=ORBCOMM FM35 [+]
TLE1=1 25985U 99065F   09215.20288557  .00000039  00000-0  70337-4 0  6557
TLE2=2 25985  45.0444 299.1748 0000957 154.5267 205.5638 14.28830852504002
