VERSION=1.1
NAME=ORBCOMM FM36 [+]
NICKNAME=ORBCOMM FM36 [+]
TLE1=1 25984U 99065E   09215.21686530 -.00000228  00000-0 -34933-4 0  6228
TLE2=2 25984  45.0410 298.2827 0004124 274.6063  85.4318 14.28829165504005
