VERSION=1.1
NAME=ORBCOMM FM33 [-]
NICKNAME=ORBCOMM FM33 [-]
TLE1=1 25983U 99065D   09215.38710066  .00000130  00000-0  10634-3 0  5968
TLE2=2 25983  45.0333 295.7349 0000943  67.3283 292.7658 14.28720661504028
