VERSION=1.1
NAME=ORBCOMM FM31 [+]
NICKNAME=ORBCOMM FM31 [+]
TLE1=1 25981U 99065B   09215.23082677  .00000152  00000-0  11444-3 0  6987
TLE2=2 25981  45.0277 294.5092 0001640  76.1504 283.9507 14.28825697504002
