VERSION=1.1
NAME=XMM-NEWTON
NICKNAME=XMM-NEWTON
TLE1=1 25989U 99066A   09215.87500000  .00000250  00000-0  10000-3 0  7078
TLE2=2 25989  59.1897  98.5077 5875906 111.2921 352.1278  0.50125012  6478
