VERSION=1.1
NAME=ORBCOMM FM34 [+]
NICKNAME=ORBCOMM FM34 [+]
TLE1=1 25986U 99065G   09215.39855313  .00000226  00000-0  14352-3 0  6145
TLE2=2 25986  45.0425 297.7376 0001693 351.3847   8.6951 14.28841993504033
