VERSION=1.1
NAME=TERRA
NICKNAME=TERRA
TLE1=1 25994U 99068A   09215.69854282 -.00000009  00000-0  80109-5 0  9265
TLE2=2 25994  98.1988 289.9670 0000861 104.5299 255.5992 14.57111951512077
