VERSION=1.1
NAME=GALAXY 11 (G-11)
NICKNAME=GALAXY 11 (G-11)
TLE1=1 26038U 99071A   09215.63862291  .00000151  00000-0  00000+0 0  7487
TLE2=2 26038   0.0251  86.4658 0000900  83.4655  45.0986  1.00273849 35325
