VERSION=1.1
NAME=ACRIMSAT
NICKNAME=ACRIMSAT
TLE1=1 26033U 99070B   09214.74313542  .00000003  00000-0  99909-5 0  7266
TLE2=2 26033  97.9695  95.8634 0029695  51.8028 308.5844 14.60554952512349
