VERSION=1.1
NAME=ARIRANG 1 (KOMPSAT-1)
NICKNAME=ARIRANG 1 (KOMPSAT-1)
TLE1=1 26032U 99070A   09215.74415193  .00000031  00000-0  14047-4 0   804
TLE2=2 26032  97.9148  94.6966 0006444  84.7110 275.4839 14.65617428514453
