VERSION=1.1
NAME=CELESTIS-03
NICKNAME=CELESTIS-03
TLE1=1 26034U 99070C   09214.91372245  .00000072  00000-0  17183-4 0  6045
TLE2=2 26034  98.3707 228.4788 0018340 196.3964 163.6617 14.79854736517236
