VERSION=1.1
NAME=ZHONGXING-22
NICKNAME=ZHONGXING-22
TLE1=1 26058U 00003A   09214.95488802 -.00000296  00000-0  10000-3 0  1774
TLE2=2 26058   1.2117  78.2810 0002039  56.0581 258.9183  1.00269549 34920
