VERSION=1.1
NAME=OPAL (OO-38)
NICKNAME=OPAL (OO-38)
TLE1=1 26063U 00004C   09215.53601022 -.00000016  00000-0  14736-4 0  5716
TLE2=2 26063 100.2175  10.7505 0037202 127.7307 232.7258 14.35869163498741
