VERSION=1.1
NAME=FALCONSAT
NICKNAME=FALCONSAT
TLE1=1 26064U 00004D   09215.03383639  .00000013  00000-0  24699-4 0  5471
TLE2=2 26064 100.2166   8.1500 0038303 136.0382 224.3850 14.35422120498537
