VERSION=1.1
NAME=HISPASAT 1C
NICKNAME=HISPASAT 1C
TLE1=1 26071U 00007A   09214.66990927 -.00000222  00000-0  10000-3 0  2924
TLE2=2 26071   0.0223  23.1240 0005350  84.7219  54.6794  1.00272037 34858
