VERSION=1.1
NAME=PICOSAT 1 & 2 [TETHERED]
NICKNAME=PICOSAT 1 & 2 [TETHERED]
TLE1=1 26080U 00004H   09214.99825253  .00000059  00000-0  37196-4 0  1344
TLE2=2 26080 100.2273  34.0578 0032929  78.9742 281.5129 14.40348116498227
