VERSION=1.1
NAME=ATS 1
NICKNAME=ATS 1
TLE1=1 02608U 66110A   09211.56991053 -.00000139  00000-0  10000-3 0  9876
TLE2=2 02608   7.8383 310.3982 0004017 194.6556 165.4577  1.00289000 72948
