VERSION=1.1
NAME=GARUDA 1
NICKNAME=GARUDA 1
TLE1=1 26089U 00011A   09215.71990796 -.00000362  00000-0  10000-3 0  4375
TLE2=2 26089   1.2828 253.2579 0002320 246.1044 195.2534  1.00272765 34746
