VERSION=1.1
NAME=GLOBALSTAR M062
NICKNAME=GLOBALSTAR M062
TLE1=1 26082U 00008B   09215.54151893 -.00000086  00000-0  10000-3 0  9190
TLE2=2 26082  52.0062 237.5702 0001509 217.2980 142.7782 12.62260974437661
