VERSION=1.1
NAME=GLOBALSTAR M063
NICKNAME=GLOBALSTAR M063
TLE1=1 26081U 00008A   09215.81333779 -.00000086  00000-0  10000-3 0   173
TLE2=2 26081  51.9983 100.1786 0002244  27.3873 332.6904 12.62263786445990
