VERSION=1.1
NAME=GLOBALSTAR M060
NICKNAME=GLOBALSTAR M060
TLE1=1 26083U 00008C   09215.82838712 -.00000086  00000-0  10000-3 0    72
TLE2=2 26083  52.0042 146.9875 0000559 336.6866  23.3970 12.62266576445203
