VERSION=1.1
NAME=GLOBALSTAR M064
NICKNAME=GLOBALSTAR M064
TLE1=1 26084U 00008D   09215.14041639 -.00000086  00000-0  10000-3 0  2265
TLE2=2 26084  52.0055 103.6968 0000342 342.2681  17.8178 12.62277658463862
