VERSION=1.1
NAME=EXPRESS 2A
NICKNAME=EXPRESS 2A
TLE1=1 26098U 00013A   09214.83424876 -.00000327  00000-0  10000-3 0  8982
TLE2=2 26098   3.3522  74.7288 0003526  74.1372 205.7103  1.00268143 34390
