VERSION=1.1
NAME=SUPERBIRD 4
NICKNAME=SUPERBIRD 4
TLE1=1 26095U 00012A   09215.30197993 -.00000097  00000-0  10000-3 0  7385
TLE2=2 26095   0.0224 173.5445 0002320 325.6689  83.4988  1.00272528 34696
