VERSION=1.1
NAME=PICOSAT 4
NICKNAME=PICOSAT 4
TLE1=1 26092U 00004K   09215.02413841  .00000086  00000-0  45614-4 0  5201
TLE2=2 26092 100.2140  28.1709 0035688  74.1637 286.3462 14.40293934497442
