VERSION=1.1
NAME=PICOSAT 3
NICKNAME=PICOSAT 3
TLE1=1 26091U 00004J   09215.53942415  .00000093  00000-0  45147-4 0  6806
TLE2=2 26091 100.2238  46.2572 0032001  39.2803 321.0693 14.43417644498253
