VERSION=1.1
NAME=PICOSAT 6
NICKNAME=PICOSAT 6
TLE1=1 26094U 00004M   09214.92784257  .00000011  00000-0  22465-4 0  8146
TLE2=2 26094 100.2206  26.3173 0035875  85.1602 275.3716 14.39581004496933
