VERSION=1.1
NAME=PICOSAT 5
NICKNAME=PICOSAT 5
TLE1=1 26093U 00004L   09215.48737469  .00000157  00000-0  62075-4 0  4148
TLE2=2 26093 100.2197  53.2027 0033048  21.6494 338.6082 14.44962276498887
