VERSION=1.1
NAME=INSAT-3B
NICKNAME=INSAT-3B
TLE1=1 26108U 00016B   09213.94428870 -.00000170  00000-0  10000-3 0  3426
TLE2=2 26108   0.0509 257.1492 0003193 323.4498 153.0403  1.00271000 34309
