VERSION=1.1
NAME=MTI
NICKNAME=MTI
TLE1=1 26102U 00014A   09215.81112235 -.00000037  00000-0  13772-5 0  8564
TLE2=2 26102  97.2235  17.3977 0019064 310.2639 159.5573 15.11775022516591
