VERSION=1.1
NAME=ASIASTAR
NICKNAME=ASIASTAR
TLE1=1 26107U 00016A   09215.70235047 -.00000337  00000-0  10000-3 0  6612
TLE2=2 26107   0.0213 347.3569 0004041 134.3545 188.5413  1.00273348 34369
