VERSION=1.1
NAME=IMAGE
NICKNAME=IMAGE
TLE1=1 26113U 00017A   09212.98115466  .00000328  00000-0  00000-0 0  8548
TLE2=2 26113  91.2677 212.9542 7372592 279.0796  11.5784  1.68638910 57580
