VERSION=1.1
NAME=SESAT 1
NICKNAME=SESAT 1
TLE1=1 26243U 00019A   09212.73995449  .00000150  00000-0  10000-3 0  5953
TLE2=2 26243   0.0595  19.9295 0002283 112.7168 119.1253  1.00274588 34019
