VERSION=1.1
NAME=GALAXY 4R (G-4R)
NICKNAME=GALAXY 4R (G-4R)
TLE1=1 26298U 00020A   09214.07002340 -.00000228  00000-0  10000-3 0  7154
TLE2=2 26298   2.8009  75.9541 0001746 354.2777   5.6885  0.99830145 34134
