VERSION=1.1
NAME=GOES 11
NICKNAME=GOES 11
TLE1=1 26352U 00022A   09215.45739234  .00000083  00000-0  10000-3 0  4301
TLE2=2 26352   0.3649 262.1101 0003454 283.3839 156.0567  1.00280038 33870
