VERSION=1.1
NAME=EUTELSAT W4
NICKNAME=EUTELSAT W4
TLE1=1 26369U 00028A   09214.94588674  .00000150  00000-0  10000-3 0  4910
TLE2=2 26369   0.0707   2.7566 0004436 125.1571 200.3543  1.00275408 33681
