VERSION=1.1
NAME=GPS BIIR-04 (PRN 20)
NICKNAME=GPS BIIR-04 (PRN 20)
TLE1=1 26360U 00025A   09214.48146876 -.00000008  00000-0  10000-3 0  5713
TLE2=2 26360  53.9233 274.7740 0036159  76.2178 283.9852  2.00548977 67675
