VERSION=1.1
NAME=EXPRESS A3
NICKNAME=EXPRESS A3
TLE1=1 26378U 00031A   09215.70625310  .00000141  00000-0  10000-3 0   802
TLE2=2 26378   1.1039  79.3089 0008223 303.0866 222.9620  1.00404017 33364
