VERSION=1.1
NAME=GORIZONT 33
NICKNAME=GORIZONT 33
TLE1=1 26372U 00029A   09204.32379382  .00000025  00000-0  10000-3 0  6384
TLE2=2 26372   6.7659  65.1102 0002846 307.4861  52.5368  1.00229261 33535
