VERSION=1.1
NAME=TDRS 8
NICKNAME=TDRS 8
TLE1=1 26388U 00034A   09214.74961116 -.00000226  00000-0  10000-3 0    58
TLE2=2 26388   1.5027 106.0612 0004799  27.2184 177.1688  1.00268120 33399
