VERSION=1.1
NAME=SNAP 1
NICKNAME=SNAP 1
TLE1=1 26386U 00033C   09214.76395376  .00000012  00000-0  11662-4 0  7725
TLE2=2 26386  98.3818 247.7515 0012579  50.8536 309.3774 14.65152885485988
