VERSION=1.1
NAME=FENGYUN 2B
NICKNAME=FENGYUN 2B
TLE1=1 26382U 00032A   09214.03433145 -.00000334  00000-0  10000-3 0  1879
TLE2=2 26382   4.4498  71.9116 0003533 175.7929 184.2163  1.00079502 33321
