VERSION=1.1
NAME=SIRIUS-1
NICKNAME=SIRIUS-1
TLE1=1 26390U 00035A   09215.02406413  .00000065  00000-0  10000-3 0  5222
TLE2=2 26390  61.4938 254.8596 2713350 270.4888  59.0258  1.00280053 33318
