VERSION=1.1
NAME=COSMOS 2371
NICKNAME=COSMOS 2371
TLE1=1 26394U 00036A   09214.69345843 -.00000094  00000-0  10000-3 0  6424
TLE2=2 26394   6.7505  65.9309 0001406 336.1261 233.8168  1.00260283 33249
