VERSION=1.1
NAME=GPS BIIR-05 (PRN 28)
NICKNAME=GPS BIIR-05 (PRN 28)
TLE1=1 26407U 00040A   09214.82362453 -.00000038  00000-0  10000-3 0  5163
TLE2=2 26407  55.4220  98.0064 0151639 244.9043 113.5728  2.00566401 66358
