VERSION=1.1
NAME=ECHOSTAR 6
NICKNAME=ECHOSTAR 6
TLE1=1 26402U 00038A   09214.21662253 -.00000262  00000-0  10000-3 0  7081
TLE2=2 26402   0.0114  73.0672 0003267  61.7716 181.3558  1.00271221 33152
