VERSION=1.1
NAME=CHAMP
NICKNAME=CHAMP
TLE1=1 26405U 00039B   09215.24136272  .00008116  00000-0  33590-4 0  9386
TLE2=2 26405  87.2229 294.3814 0003213  86.9519 273.2128 15.85561747517105
