VERSION=1.1
NAME=CLUSTER II-FM6
NICKNAME=CLUSTER II-FM6
TLE1=1 26410U 00041A   09213.79166667  .00000960  00000-0  00000-0 0  3608
TLE2=2 26410 114.7914 195.4273 8584899  36.8087 359.9466  0.42042183  4804
