VERSION=1.1
NAME=CLUSTER II-FM7
NICKNAME=CLUSTER II-FM7
TLE1=1 26411U 00041B   09213.79166667  .00000961  00000-0  00000-0 0  3756
TLE2=2 26411 114.7921 195.4397 8581742  36.8698   0.7474  0.42040812  4876
