VERSION=1.1
NAME=INTELSAT 9 (IS-9)
NICKNAME=INTELSAT 9 (IS-9)
TLE1=1 26451U 00043A   09213.43453126 -.00000290  00000-0  10000-3 0  2627
TLE2=2 26451   0.0155 165.5361 0001203 290.2960 312.7643  1.00272125 33048
