VERSION=1.1
NAME=CLUSTER II-FM8
NICKNAME=CLUSTER II-FM8
TLE1=1 26464U 00045B   09213.70833333  .00000421  00000-0  00000+0 0  3547
TLE2=2 26464 109.2343 187.1894 8547279  31.5268 359.6461  0.42026246  4768
