VERSION=1.1
NAME=CLUSTER II-FM5
NICKNAME=CLUSTER II-FM5
TLE1=1 26463U 00045A   09213.75000000  .00000881  00000-0  00000-0 0  3594
TLE2=2 26463 117.2362 197.7675 8448761  35.0702   0.6217  0.42034343  5387
