VERSION=1.1
NAME=BRASILSAT B4
NICKNAME=BRASILSAT B4
TLE1=1 26469U 00046A   09215.44500374 -.00000216  00000-0  10000-3 0  5418
TLE2=2 26469   0.0532 184.8764 0002798 273.6200 289.8344  1.00271934 32856
