VERSION=1.1
NAME=RADUGA-1 5
NICKNAME=RADUGA-1 5
TLE1=1 26477U 00049A   09215.69168477  .00000015  00000-0  10000-3 0  6249
TLE2=2 26477   6.6154  66.5346 0001354 356.9038 199.3886  1.00333852 32708
