VERSION=1.1
NAME=NILESAT 102
NICKNAME=NILESAT 102
TLE1=1 26470U 00046B   09212.63661171 -.00000063  00000-0  10000-3 0  2878
TLE2=2 26470   0.0146 257.6468 0002382 245.3359  28.5912  1.00273379 32820
