VERSION=1.1
NAME=SIRIUS-2
NICKNAME=SIRIUS-2
TLE1=1 26483U 00051A   09213.69031805 -.00000039  00000-0  10000-3 0  2154
TLE2=2 26483  63.7242 134.6917 2696219 268.7964  60.5459  1.00260531 32638
