VERSION=1.1
NAME=EUTELSAT W1
NICKNAME=EUTELSAT W1
TLE1=1 26487U 00052A   09212.90437943  .00000022  00000-0  10000-3 0  3461
TLE2=2 26487   0.0767   9.1190 0001800 146.9510 123.1934  1.00275352 32636
