VERSION=1.1
NAME=AMC-7 (GE-7)
NICKNAME=AMC-7 (GE-7)
TLE1=1 26495U 00054B   09215.51231561  .00000091  00000-0  10000-3 0  4535
TLE2=2 26495   0.0260 232.9706 0003135 247.2420 239.4363  1.00274254 32569
