VERSION=1.1
NAME=ASTRA 2B
NICKNAME=ASTRA 2B
TLE1=1 26494U 00054A   09206.00000000  .00000137  00000-0  00000+0 0  7449
TLE2=2 26494   0.0350 297.6860 0001197 131.4230 261.9100  1.00268067 32458
