VERSION=1.1
NAME=NOAA 16
NICKNAME=NOAA 16
TLE1=1 26536U 00055A   09215.39717466 -.00000125  00000-0 -42451-4 0  5066
TLE2=2 26536  99.1771 220.2085 0011105 144.4311 215.7594 14.12527875456968
