VERSION=1.1
NAME=SAUDISAT 1B
NICKNAME=SAUDISAT 1B
TLE1=1 26549U 00057E   09215.43093787 -.00000052  00000-0  12820-4 0  3928
TLE2=2 26549  64.5584 348.8970 0061536 274.3410  85.0666 14.79453680477850
