VERSION=1.1
NAME=TIUNGSAT-1 (MO-46)
NICKNAME=TIUNGSAT-1 (MO-46)
TLE1=1 26548U 00057D   09215.70758911 -.00000002  00000-0  18232-4 0  4585
TLE2=2 26548  64.5571 293.6539 0052121 266.0082  93.5066 14.83377257479003
