VERSION=1.1
NAME=MEGSAT-1
NICKNAME=MEGSAT-1
TLE1=1 26546U 00057B   09215.42607935 -.00000089  00000-0  77737-5 0  7406
TLE2=2 26546  64.5602 284.0727 0049631 263.3052  96.2365 14.84224130479192
