VERSION=1.1
NAME=SAUDISAT 1A
NICKNAME=SAUDISAT 1A
TLE1=1 26545U 00057A   09215.43199295 -.00000163  00000-0 -12996-5 0  3160
TLE2=2 26545  64.5596 331.9882 0057515 271.6637  87.7871 14.80597490478192
