VERSION=1.1
NAME=UNISAT
NICKNAME=UNISAT
TLE1=1 26547U 00057C   09215.40599014 -.00000051  00000-0  12681-4 0  3415
TLE2=2 26547  64.5578 316.7572 0062437 275.5158  83.8826 14.82384235478517
