VERSION=1.1
NAME=NSS 11 (AAP-1)
NICKNAME=NSS 11 (AAP-1)
TLE1=1 26554U 00059A   09213.59839757 -.00000350  00000-0  10000-3 0  6040
TLE2=2 26554   0.0255 120.0738 0002696  13.3521 140.4878  1.00269538 32398
