VERSION=1.1
NAME=NSAT 110
NICKNAME=NSAT 110
TLE1=1 26559U 00060A   09215.60637676 -.00000356  00000-0  10000-3 0  5446
TLE2=2 26559   0.0469 249.8665 0000582 212.2265 178.5644  1.00271146 32342
