VERSION=1.1
NAME=HETE-2
NICKNAME=HETE-2
TLE1=1 26561U 00061A   09213.63628432  .00000934  00000-0  10906-4 0  4593
TLE2=2 26561   1.9479 243.2554 0023774 311.1597  48.6728 14.96065853481923
