VERSION=1.1
NAME=AMC-6 (GE-6)
NICKNAME=AMC-6 (GE-6)
TLE1=1 26580U 00067A   09214.30351352 -.00000265  00000-0  10000-3 0  4580
TLE2=2 26580   0.0170 313.9185 0002653 164.1181 230.2382  1.00271713 32185
