VERSION=1.1
NAME=INTELSAT 12 (IS-12)
NICKNAME=INTELSAT 12 (IS-12)
TLE1=1 26590U 00068A   09212.74785733  .00000131  00000-0  10000-3 0  3166
TLE2=2 26590   0.0064  69.1937 0003680  65.9661 128.5607  1.00274822 32098
