VERSION=1.1
NAME=BEIDOU 1A
NICKNAME=BEIDOU 1A
TLE1=1 26599U 00069A   09214.44483752 -.00000287  00000-0  10000-3 0  3490
TLE2=2 26599   0.6696  81.1977 0003930  35.0079 135.0007  1.00270870 32154
