VERSION=1.1
NAME=PHASE 3D (AO-40)
NICKNAME=PHASE 3D (AO-40)
TLE1=1 26609U 00072B   09214.58670090 -.00000026  00000-0  10000-3 0  2630
TLE2=2 26609   9.9080   7.9568 7960688 228.3474  30.7254  1.25584569 40202
