VERSION=1.1
NAME=INTELSAT 1R (IS-1R)
NICKNAME=INTELSAT 1R (IS-1R)
TLE1=1 26608U 00072A   09214.92257514 -.00000279  00000-0  10000-3 0   772
TLE2=2 26608   0.0255 274.8539 0001027 142.3541 181.4733  1.00268153 31966
