VERSION=1.1
NAME=GPS BIIR-06 (PRN 14)
NICKNAME=GPS BIIR-06 (PRN 14)
TLE1=1 26605U 00071A   09214.42112808 -.00000112  00000-0  10000-3 0  5208
TLE2=2 26605  56.6199 338.5278 0048398 237.5768 121.9586  2.00569844 63945
