VERSION=1.1
NAME=EO-1
NICKNAME=EO-1
TLE1=1 26619U 00075A   09215.86790425 -.00001025  00000-0 -19498-3 0  2957
TLE2=2 26619  98.1417 282.5669 0010763 152.1380 208.0372 14.62027311463238
