VERSION=1.1
NAME=STRV 1C
NICKNAME=STRV 1C
TLE1=1 26610U 00072C   09213.19754679 -.00000244  00000-0  00000+0 0  9650
TLE2=2 26610   6.6517 269.3422 7322399  95.9763 343.5011  2.03458741 64735
