VERSION=1.1
NAME=ANIK F1
NICKNAME=ANIK F1
TLE1=1 26624U 00076A   09215.52981125 -.00000079  00000-0  10000-3 0  5170
TLE2=2 26624   0.0180 133.7929 0001890 332.8015 289.0635  1.00272908 31955
