VERSION=1.1
NAME=MUNIN
NICKNAME=MUNIN
TLE1=1 26621U 00075C   09214.96611938  .00000975  00000-0  90693-3 0  6233
TLE2=2 26621  95.3937 207.0604 0715216 275.6997  76.3060 13.03720450413804
