VERSION=1.1
NAME=SIRIUS-3
NICKNAME=SIRIUS-3
TLE1=1 26626U 00077A   09214.35874777 -.00000153  00000-0  10000-3 0  4607
TLE2=2 26626  64.1037  14.6189 2674347 269.7569  59.8828  1.00282386 31779
