VERSION=1.1
NAME=SAC C
NICKNAME=SAC C
TLE1=1 26620U 00075B   09214.76539573 -.00000068  00000-0 -58342-5 0  7800
TLE2=2 26620  97.9077 245.1524 0001186 101.6928 258.4363 14.56577261462459
