VERSION=1.1
NAME=AMC-8 (GE-8)
NICKNAME=AMC-8 (GE-8)
TLE1=1 26639U 00081B   09214.46699391  .00000099  00000-0  10000-3 0  4412
TLE2=2 26639   0.0150 213.0219 0002017 268.0735 219.1823  1.00272058 31615
