VERSION=1.1
NAME=ASTRA 2D
NICKNAME=ASTRA 2D
TLE1=1 26638U 00081A   09206.00000000  .00000137  00000-0  00000+0 0  7360
TLE2=2 26638   0.0550 217.4200 0002723 322.3470 151.2530  1.00266097 31561
