VERSION=1.1
NAME=EROS A1
NICKNAME=EROS A1
TLE1=1 26631U 00079A   09215.86455068  .00000598  00000-0  32638-4 0   510
TLE2=2 26631  97.4852 280.6569 0009294 170.1750 313.0097 15.18093611481759
