VERSION=1.1
NAME=BEIDOU 1B
NICKNAME=BEIDOU 1B
TLE1=1 26643U 00082A   09214.87627277 -.00000146  00000-0  10000-3 0  4141
TLE2=2 26643   2.1293  77.0154 0002534  55.1627 215.1801  1.00273137 31606
