VERSION=1.1
NAME=TURKSAT 2A
NICKNAME=TURKSAT 2A
TLE1=1 26666U 01002A   09213.99893487  .00000141  00000-0  10000-3 0  4974
TLE2=2 26666   0.0351 252.9185 0003323 240.2643 219.1160  1.00273403 31353
