VERSION=1.1
NAME=SICRAL 1
NICKNAME=SICRAL 1
TLE1=1 26694U 01005A   09214.81494692  .00000099  00000-0  10000-3 0  4843
TLE2=2 26694   1.4711  78.2459 0007285  65.9826 116.8187  1.00275248 31124
