VERSION=1.1
NAME=GPS BIIR-07 (PRN 18)
NICKNAME=GPS BIIR-07 (PRN 18)
TLE1=1 26690U 01004A   09214.29379828 -.00000017  00000-0  10000-3 0  4080
TLE2=2 26690  53.9397 277.8703 0108648 223.4894 135.7256  2.00570616 62356
