VERSION=1.1
NAME=SKYNET 4F
NICKNAME=SKYNET 4F
TLE1=1 26695U 01005B   09212.60007400 -.00000247  00000-0  10000-3 0  2255
TLE2=2 26695   3.8051  58.1285 0002849  63.2242   9.9674  1.00267909 31078
