VERSION=1.1
NAME=ODIN
NICKNAME=ODIN
TLE1=1 26702U 01007A   09214.64573593 -.00000417  00000-0 -32316-4 0  7646
TLE2=2 26702  97.7080 234.3370 0003594 330.1013  30.0006 14.95755902460404
