VERSION=1.1
NAME=EUROBIRD 1
NICKNAME=EUROBIRD 1
TLE1=1 26719U 01011A   09215.93427591  .00000146  00000-0  10000-3 0  5660
TLE2=2 26719   0.0652 354.5212 0003063 131.9647 190.9862  1.00275711 30805
