VERSION=1.1
NAME=BSAT-2A
NICKNAME=BSAT-2A
TLE1=1 26720U 01011B   09215.60665674 -.00000355  00000-0  10000-3 0  3607
TLE2=2 26720   0.0431 268.3311 0004317 172.0758 200.1699  1.00270866 30781
