VERSION=1.1
NAME=XM-2 (ROCK)
NICKNAME=XM-2 (ROCK)
TLE1=1 26724U 01012A   09215.40000000 -.00000210  00000-0  00000+0 0  6312
TLE2=2 26724   0.0750 277.2340 0004782 100.7560 352.9470  1.00271077 30772
