VERSION=1.1
NAME=INTELSAT 10 (IS-10)
NICKNAME=INTELSAT 10 (IS-10)
TLE1=1 26766U 01019A   09213.93692981 -.00000030  00000-0  10000-3 0  4252
TLE2=2 26766   0.0387 270.8680 0002677 152.7715 292.7776  1.00271648 30123
