VERSION=1.1
NAME=XM-1 (ROLL)
NICKNAME=XM-1 (ROLL)
TLE1=1 26761U 01018A   09215.30000000 -.00000210  00000-0  00000+0 0  4158
TLE2=2 26761   0.0760 276.8450 0000136 165.9350 252.0550  1.00271642 30238
