VERSION=1.1
NAME=COSMOS 2378
NICKNAME=COSMOS 2378
TLE1=1 26818U 01023A   09215.77325014 -.00000003  00000-0 -19108-4 0   952
TLE2=2 26818  82.9272 106.7362 0031505 279.8959  79.8634 13.73735780408862
