VERSION=1.1
NAME=INTELSAT 901 (IS-901)
NICKNAME=INTELSAT 901 (IS-901)
TLE1=1 26824U 01024A   09214.57146181 -.00000146  00000-0  10000-3 0  4494
TLE2=2 26824   0.0111  18.5145 0003862 100.4941  19.9734  1.00271007 29887
