VERSION=1.1
NAME=ASTRA 2C
NICKNAME=ASTRA 2C
TLE1=1 26853U 01025A   09206.00000000  .00000142  00000-0  00000+0 0  6789
TLE2=2 26853   0.0280  64.1130 0001854  49.9840 220.2410  1.00264350 29736
