VERSION=1.1
NAME=ARTEMIS
NICKNAME=ARTEMIS
TLE1=1 26863U 01029A   09214.92227642  .00000116  00000-0  10000-3 0  7436
TLE2=2 26863   7.5618  68.4709 0002149  59.3187 177.2164  1.00273603 30617
