VERSION=1.1
NAME=MOLNIYA 3-51
NICKNAME=MOLNIYA 3-51
TLE1=1 26867U 01030A   09214.94656203  .00000439  00000-0  00000-0 0  8999
TLE2=2 26867  64.0688 197.3194 6981042 266.6499 332.9932  2.00579948 58894
