VERSION=1.1
NAME=SL-14 R/B
NICKNAME=SL-14 R/B
TLE1=1 26874U 01032B   09214.56110428  .00000401  00000-0  10571-4 0  2060
TLE2=2 26874  82.4801  12.9603 0022711 338.3676  21.6653 15.34917139447384
