VERSION=1.1
NAME=GOES 12
NICKNAME=GOES 12
TLE1=1 26871U 01031A   09215.43158774 -.00000253  00000-0  10000-3 0  1677
TLE2=2 26871   0.1379  89.7531 0004125  17.1617 285.3446  1.00261697 29481
