VERSION=1.1
NAME=COSMOS 2379
NICKNAME=COSMOS 2379
TLE1=1 26892U 01037A   09215.56482552  .00000077  00000-0  10000-3 0  3578
TLE2=2 26892   4.9610  68.7399 0000318 197.6621 261.8200  1.00287373 29084
