VERSION=1.1
NAME=INTELSAT 902 (IS-902)
NICKNAME=INTELSAT 902 (IS-902)
TLE1=1 26900U 01039A   09212.65583521  .00000027  00000-0  10000-3 0  4346
TLE2=2 26900   0.0051 203.4731 0003128 292.5174 111.4904  1.00273180 29035
