VERSION=1.1
NAME=ATLANTIC BIRD 2
NICKNAME=ATLANTIC BIRD 2
TLE1=1 26927U 01042A   09211.63276979 -.00000072  00000-0  10000-3 0  2408
TLE2=2 26927   0.0524 340.8199 0004713 136.0306  51.2114  1.00271168 28760
