VERSION=1.1
NAME=PICOSAT 9
NICKNAME=PICOSAT 9
TLE1=1 26930U 01043B   09214.78457744 -.00000074  00000-0  35245-5 0  2102
TLE2=2 26930  67.0021 282.1767 0002697 306.0433  54.0405 14.30048596409409
