VERSION=1.1
NAME=SAPPHIRE (NO-45)
NICKNAME=SAPPHIRE (NO-45)
TLE1=1 26932U 01043D   09215.47085575 -.00000097  00000-0 -54334-5 0  2364
TLE2=2 26932  67.0535 302.5002 0004374 283.0854  76.9760 14.29612471409386
