VERSION=1.1
NAME=PCSAT (NO-44)
NICKNAME=PCSAT (NO-44)
TLE1=1 26931U 01043C   09215.50902149 -.00000110  00000-0 -10688-4 0  2316
TLE2=2 26931  67.0534 302.4302 0006208 275.7169  84.3212 14.29562614409345
