VERSION=1.1
NAME=QUICKBIRD 2
NICKNAME=QUICKBIRD 2
TLE1=1 26953U 01047A   09215.84542149  .00001268  00000-0  33885-4 0  3432
TLE2=2 26953  97.1451 291.3532 0002593  83.4014  53.6742 15.39894654437946
