VERSION=1.1
NAME=TES
NICKNAME=TES
TLE1=1 26957U 01049A   09215.83044585  .00000470  00000-0  41358-4 0  3346
TLE2=2 26957  97.5926 292.5355 0023637  21.4840 338.7350 15.00969730426359
