VERSION=1.1
NAME=PROBA 1
NICKNAME=PROBA 1
TLE1=1 26958U 01049B   09215.80319046  .00000175  00000-0  23034-4 0  8484
TLE2=2 26958  97.6188 276.7759 0080876 209.2225 150.4479 14.89679784422916
