VERSION=1.1
NAME=DIRECTV 4S
NICKNAME=DIRECTV 4S
TLE1=1 26985U 01052A   09215.26956010 -.00000119  00000-0  00000+0 0  3731
TLE2=2 26985   0.0354  85.8889 0002332   8.6331 213.3581  1.00274189 28208
