VERSION=1.1
NAME=TIMED
NICKNAME=TIMED
TLE1=1 26998U 01055B   09214.65142365  .00000079  00000-0  13749-4 0  3553
TLE2=2 26998  74.0726 258.1256 0001719 315.3128  44.7907 14.84085191414418
