VERSION=1.1
NAME=JASON 1
NICKNAME=JASON 1
TLE1=1 26997U 01055A   09214.51475600 -.00000038  00000-0  10000-3 0   614
TLE2=2 26997  66.0441 334.2606 0007317 261.6735  98.3455 12.80931587357977
