VERSION=1.1
NAME=METEOR-3M
NICKNAME=METEOR-3M
TLE1=1 27001U 01056A   09214.66620428 -.00000059  00000-0 -19131-4 0  4633
TLE2=2 27001  99.2571  68.3169 0013052 278.0015  81.9649 13.68712455381878
