VERSION=1.1
NAME=MAROC-TUBSAT
NICKNAME=MAROC-TUBSAT
TLE1=1 27004U 01056D   09215.55088030  .00000023  00000-0  74373-4 0  3415
TLE2=2 27004  99.2410  74.8380 0019260 278.4601  81.4349 13.70028268382410
