VERSION=1.1
NAME=BADR-B
NICKNAME=BADR-B
TLE1=1 27003U 01056C   09215.13078197  .00000116  00000-0  17993-3 0  3250
TLE2=2 27003  99.2427  75.1090 0019732 278.9803  80.9078 13.70100680382380
