VERSION=1.1
NAME=INSAT-3C
NICKNAME=INSAT-3C
TLE1=1 27298U 02002A   09212.67282427 -.00000083  00000-0  10000-3 0  1587
TLE2=2 27298   0.0831 263.0776 0001218 293.5691  69.0363  1.00272530 27556
