VERSION=1.1
NAME=IRIDIUM 94 [S]
NICKNAME=IRIDIUM 94 [S]
TLE1=1 27374U 02005C   09215.50540116  .00000076  00000-0  93721-5 0  2307
TLE2=2 27374  86.5740  48.3851 0002492  77.9149 282.2344 14.66606746400092
