VERSION=1.1
NAME=RHESSI
NICKNAME=RHESSI
TLE1=1 27370U 02004A   09215.46654391  .00000044  00000-0  11342-4 0  1096
TLE2=2 27370  38.0389 227.2126 0016472 284.0424  75.8505 15.02167932410841
