VERSION=1.1
NAME=IRIDIUM 95 [+]
NICKNAME=IRIDIUM 95 [+]
TLE1=1 27375U 02005D   09215.52289210 -.00000041  00000-0 -21860-4 0  1717
TLE2=2 27375  86.3939  48.6236 0002449  80.8896 279.2572 14.34216666398880
