VERSION=1.1
NAME=IRIDIUM 90 [S]
NICKNAME=IRIDIUM 90 [S]
TLE1=1 27373U 02005B   09215.29001639  .00000177  00000-0  46778-4 0  1506
TLE2=2 27373  86.4496 111.5763 0004336 164.5106 195.6226 14.42959288396780
