VERSION=1.1
NAME=IRIDIUM 96 [S]
NICKNAME=IRIDIUM 96 [S]
TLE1=1 27376U 02005E   09215.51762976  .00000121  00000-0  17578-4 0  2250
TLE2=2 27376  86.5734  48.3347 0002486  80.6682 279.4821 14.66606879400098
