VERSION=1.1
NAME=ECHOSTAR 7
NICKNAME=ECHOSTAR 7
TLE1=1 27378U 02006A   09214.46653466 -.00000005  00000-0  10000-3 0  4031
TLE2=2 27378   0.0416 276.9711 0001394 210.2764 232.9680  1.00271042 27277
