VERSION=1.1
NAME=IRIDIUM 91 [+]
NICKNAME=IRIDIUM 91 [+]
TLE1=1 27372U 02005A   09215.48483841  .00000067  00000-0  17038-4 0  1904
TLE2=2 27372  86.3932  48.8357 0001481 294.9306  65.1739 14.34216694399592
