VERSION=1.1
NAME=TDRS 9
NICKNAME=TDRS 9
TLE1=1 27389U 02011A   09215.23318855 -.00000283  00000-0  10000-3 0  4167
TLE2=2 27389   2.2524 229.9587 0006964 179.3875 284.1336  1.00281306 28652
