VERSION=1.1
NAME=ENVISAT
NICKNAME=ENVISAT
TLE1=1 27386U 02009A   09215.67879199 -.00000015  00000-0  10436-4 0  1997
TLE2=2 27386  98.5463 282.3794 0001170  96.1302 264.0014 14.32248630388298
