VERSION=1.1
NAME=INTELSAT 904 (IS-904)
NICKNAME=INTELSAT 904 (IS-904)
TLE1=1 27380U 02007A   09213.59433609  .00000043  00000-0  10000-3 0  4517
TLE2=2 27380   0.0121 358.7859 0003004 131.0350  94.4685  1.00274066 27293
