VERSION=1.1
NAME=JCSAT 8
NICKNAME=JCSAT 8
TLE1=1 27399U 02015A   09213.99582709 -.00000170  00000-0  10000-3 0  2550
TLE2=2 27399   0.0135 288.8476 0002743 203.4614 330.8982  1.00272642 26960
