VERSION=1.1
NAME=GRACE 2
NICKNAME=GRACE 2
TLE1=1 27392U 02012B   09215.48448422  .00000514  00000-0  14428-4 0  2582
TLE2=2 27392  89.0163 356.6861 0014304 289.3368  70.6343 15.34248328412569
