VERSION=1.1
NAME=GRACE 1
NICKNAME=GRACE 1
TLE1=1 27391U 02012A   09215.54998792  .00000529  00000-0  14914-4 0  2584
TLE2=2 27391  89.0185 356.6630 0013402 287.6841  72.2942 15.34246471412572
