VERSION=1.1
NAME=INTELSAT 903 (IS-903)
NICKNAME=INTELSAT 903 (IS-903)
TLE1=1 27403U 02016A   09214.92913429 -.00000244  00000-0  10000-3 0  2415
TLE2=2 27403   0.0610  84.9142 0002860  26.2255 140.4654  1.00270000 26968
