VERSION=1.1
NAME=ASTRA 3A
NICKNAME=ASTRA 3A
TLE1=1 27400U 02015B   09206.00000000  .00000124  00000-0  00000+0 0  2335
TLE2=2 27400   0.0630 256.1470 0002509  12.9390  57.2450  1.00269357 26889
