VERSION=1.1
NAME=NSS-7
NICKNAME=NSS-7
TLE1=1 27414U 02019A   09213.11643010 -.00000174  00000-0  10000-3 0  3789
TLE2=2 27414   0.0325 225.1950 0003045 256.4083 208.1528  1.00271801 26772
