VERSION=1.1
NAME=DIRECTV 5 (TEMPO 1)
NICKNAME=DIRECTV 5 (TEMPO 1)
TLE1=1 27426U 02023A   09215.43119584 -.00000061  00000-0  10000-3 0  3581
TLE2=2 27426   0.0123  98.6410 0003288  35.0949 223.4828  1.00271509 26549
