VERSION=1.1
NAME=AQUA
NICKNAME=AQUA
TLE1=1 27424U 02022A   09214.96487000 -.00000073  00000-0 -61764-5 0  3967
TLE2=2 27424  98.1782 156.4448 0001698  48.4507 311.6852 14.57132688385579
