VERSION=1.1
NAME=IDEFIX & ARIANE 42P R/B
NICKNAME=IDEFIX & ARIANE 42P R/B
TLE1=1 27422U 02021B   09215.03013504  .00000064  00000-0  42660-4 0  1078
TLE2=2 27422  98.5193 293.1945 0013376  85.8269 274.4444 14.28502141376097
