VERSION=1.1
NAME=SPOT 5
NICKNAME=SPOT 5
TLE1=1 27421U 02021A   09215.72430726  .00000020  00000-0  29952-4 0  2737
TLE2=2 27421  98.7707 288.2481 0000755  98.3177 261.8090 14.20008529375913
