VERSION=1.1
NAME=HAIYANG-1A
NICKNAME=HAIYANG-1A
TLE1=1 27430U 02024A   09215.23631064  .00000004  00000-0  18294-4 0  1215
TLE2=2 27430  98.4804 280.1174 0008504 306.1859  53.8534 14.29710537376792
