VERSION=1.1
NAME=CZ-4B R/B
NICKNAME=CZ-4B R/B
TLE1=1 27432U 02024C   09214.90764796  .00000087  00000-0  67497-4 0  6438
TLE2=2 27432  98.5769 197.2884 0049960 295.0401  64.5586 14.13610623372511
