VERSION=1.1
NAME=INTELSAT 905 (IS-905)
NICKNAME=INTELSAT 905 (IS-905)
TLE1=1 27438U 02027A   09208.02791667 -.00000194  00000-0  00000+0 0   841
TLE2=2 27438   0.0268 253.1056 0002856 226.7178 170.5117  1.00269167 26213
