VERSION=1.1
NAME=FENGYUN 1D
NICKNAME=FENGYUN 1D
TLE1=1 27431U 02024B   09214.79151638  .00000039  00000-0  46279-4 0  6475
TLE2=2 27431  98.6291 202.5757 0014522 283.6864  76.2678 14.09285038371370
