VERSION=1.1
NAME=COSMOS 2389
NICKNAME=COSMOS 2389
TLE1=1 27436U 02026A   09215.57070464  .00000007  00000-0 -92647-5 0  8262
TLE2=2 27436  82.9465  47.5765 0046477 167.2842 192.9504 13.74734047360481
