VERSION=1.1
NAME=OFEQ 5
NICKNAME=OFEQ 5
TLE1=1 27434U 02025A   09215.88787797  .00001047  00000-0  39188-4 0  4470
TLE2=2 27434 143.4623 213.4625 0025041  60.1889   9.2072 15.05668954400487
