VERSION=1.1
NAME=EXPRESS 4A
NICKNAME=EXPRESS 4A
TLE1=1 27441U 02029A   09215.66811698 -.00000117  00000-0  10000-3 0  2855
TLE2=2 27441   0.0742  90.6574 0001785  89.5018 358.6850  1.00270513 26198
