VERSION=1.1
NAME=GALAXY 3C (G-3C)
NICKNAME=GALAXY 3C (G-3C)
TLE1=1 27445U 02030A   09213.46030852 -.00000156  00000-0  00000+0 0   577
TLE2=2 27445   0.0070 189.6313 0000063 296.5320 254.7006  1.00271496 26156
