VERSION=1.1
NAME=NOAA 17
NICKNAME=NOAA 17
TLE1=1 27453U 02032A   09215.07540915 -.00000099  00000-0 -24769-4 0  5084
TLE2=2 27453  98.4800 272.5227 0011433 352.2177   7.8835 14.24079836369427
