VERSION=1.1
NAME=IRIDIUM 97 [+]
NICKNAME=IRIDIUM 97 [+]
TLE1=1 27450U 02031A   09215.53899904  .00000082  00000-0  22268-4 0   768
TLE2=2 27450  86.3933  80.4121 0000826 273.6169  86.4932 14.34219350378202
