VERSION=1.1
NAME=IRIDIUM 98 [S]
NICKNAME=IRIDIUM 98 [S]
TLE1=1 27451U 02031B   09215.38467452  .00000181  00000-0  48038-4 0  1002
TLE2=2 27451  86.4557 143.5985 0002677 345.0006  15.1114 14.42954494377658
