VERSION=1.1
NAME=N-STAR C
NICKNAME=N-STAR C
TLE1=1 27461U 02035B   09213.71298190 -.00000312  00000-0  10000-3 0  9768
TLE2=2 27461   0.0518 237.0427 0003693 262.0461 204.0245  1.00269351 25947
