VERSION=1.1
NAME=ATLANTIC BIRD 3
NICKNAME=ATLANTIC BIRD 3
TLE1=1 27460U 02035A   09212.04406314 -.00000047  00000-0  10000-3 0  1634
TLE2=2 27460   0.0516  32.5687 0005527  86.2171 200.8516  1.00273650 25922
