VERSION=1.1
NAME=HOT BIRD 6
NICKNAME=HOT BIRD 6
TLE1=1 27499U 02038A   09214.80430934  .00000081  00000-0  10000-3 0  5990
TLE2=2 27499   0.0723 273.4694 0003097 246.6538  93.9168  1.00271229 25460
