VERSION=1.1
NAME=METEOSAT-8 (MSG-1)
NICKNAME=METEOSAT-8 (MSG-1)
TLE1=1 27509U 02040B   09205.87623595  .00000054  00000-0  10000-3 0  3740
TLE2=2 27509   0.6651  37.4448 0001660   0.8242 229.6333  1.00279063 25375
