VERSION=1.1
NAME=ECHOSTAR 8
NICKNAME=ECHOSTAR 8
TLE1=1 27501U 02039A   09214.35032954 -.00000247  00000-0  10000-3 0  4203
TLE2=2 27501   0.0508 259.1682 0003312 226.4516 234.5426  1.00269424 25481
