VERSION=1.1
NAME=ATLANTIC BIRD 1
NICKNAME=ATLANTIC BIRD 1
TLE1=1 27508U 02040A   09215.93364674 -.00000105  00000-0  10000-3 0  2632
TLE2=2 27508   0.0382 312.5748 0003985 139.3650 184.2858  1.00272788 25478
