VERSION=1.1
NAME=KODAMA (DRTS)
NICKNAME=KODAMA (DRTS)
TLE1=1 27516U 02042B   09215.89763226 -.00000240  00000-0  10000-3 0  2229
TLE2=2 27516   0.0892 266.5654 0003420 214.4763 245.4349  1.00270986 25328
