VERSION=1.1
NAME=INTELSAT 906 (IS-906)
NICKNAME=INTELSAT 906 (IS-906)
TLE1=1 27513U 02041A   09214.81091863  .00000009  00000-0  10000-3 0  2195
TLE2=2 27513   0.0139  35.1036 0002880  88.7674 183.7121  1.00272096 25332
