VERSION=1.1
NAME=HISPASAT 1D
NICKNAME=HISPASAT 1D
TLE1=1 27528U 02044A   09214.64362274 -.00000222  00000-0  10000-3 0   604
TLE2=2 27528   0.0372 303.5654 0002789 145.8277  63.6577  1.00270664 25191
