VERSION=1.1
NAME=KALPANA-1 (METSAT 1)
NICKNAME=KALPANA-1 (METSAT 1)
TLE1=1 27525U 02043A   09212.67282554 -.00000082  00000-0  10000-3 0   269
TLE2=2 27525   0.0193  89.2373 0008187  11.2319 165.1155  1.00271929 25247
