VERSION=1.1
NAME=INTEGRAL
NICKNAME=INTEGRAL
TLE1=1 27540U 02048A   09214.83333333  .00000088  00000-0  10000-3 0  8266
TLE2=2 27540  86.3001 358.2874 8432342 262.5402 358.5881  0.33411644  4459
