VERSION=1.1
NAME=EUTELSAT W5
NICKNAME=EUTELSAT W5
TLE1=1 27554U 02051A   09214.74542325 -.00000048  00000-0  10000-3 0  1381
TLE2=2 27554   0.0495 299.1256 0002699 249.6683 101.4969  1.00271025 24588
