VERSION=1.1
NAME=JB-3 2 (ZY 2B)
NICKNAME=JB-3 2 (ZY 2B)
TLE1=1 27550U 02049A   09215.90017321  .00000346  00000-0  16609-4 0  7632
TLE2=2 27550  97.1063 247.9767 0009511  19.4548  81.3966 15.24802914376753
