VERSION=1.1
NAME=ALSAT 1
NICKNAME=ALSAT 1
TLE1=1 27559U 02054A   09215.79688447  .00000026  00000-0  12568-4 0  5944
TLE2=2 27559  97.9345  89.3280 0022682 202.2588 157.7637 14.69327794356714
