VERSION=1.1
NAME=MOZHAYETS
NICKNAME=MOZHAYETS
TLE1=1 27560U 02054B   09214.62002867  .00000051  00000-0  21643-4 0   120
TLE2=2 27560  97.9325  55.0964 0044122  66.9587 293.6263 14.55035487353509
