VERSION=1.1
NAME=TDRS 10
NICKNAME=TDRS 10
TLE1=1 27566U 02055A   09215.87728465 -.00000267  00000-0  00000+0 0  1393
TLE2=2 27566   0.9849 282.6262 0005326 207.6653  97.2238  1.00267601 24483
