VERSION=1.1
NAME=RUBIN-3 & SL-8 R/B
NICKNAME=RUBIN-3 & SL-8 R/B
TLE1=1 27561U 02054C   09215.55638345 -.00000029  00000-0  33364-5 0  7419
TLE2=2 27561  97.9408  48.5607 0048669  93.9293 266.7467 14.53763926354396
