VERSION=1.1
NAME=FEDSAT
NICKNAME=FEDSAT
TLE1=1 27598U 02056B   09214.78454715 -.00000068  00000-0 -10734-4 0  8467
TLE2=2 27598  98.3743 264.6679 0010102  96.2627 263.9698 14.28012490345896
