VERSION=1.1
NAME=ADEOS-2
NICKNAME=ADEOS-2
TLE1=1 27597U 02056A   09215.77466420  .00000109  00000-0  63087-4 0  9196
TLE2=2 27597  98.4713 278.7397 0001482 113.4461 246.6883 14.26172266345570
