VERSION=1.1
NAME=WEOS
NICKNAME=WEOS
TLE1=1 27599U 02056C   09215.79687198 -.00000166  00000-0 -49610-4 0  8568
TLE2=2 27599  98.3963 271.1890 0011201 105.7960 254.4434 14.28565361346160
