VERSION=1.1
NAME=NSS-6
NICKNAME=NSS-6
TLE1=1 27603U 02057A   09215.65168543 -.00000274  00000-0  10000-3 0  9928
TLE2=2 27603   0.0442 243.9170 0003001 243.5818 154.4500  1.00271098 24330
