VERSION=1.1
NAME=RUBIN-2 & SAFIR-M
NICKNAME=RUBIN-2 & SAFIR-M
TLE1=1 27605U 02058A   09214.52804692 -.00000028  00000-0  17454-4 0  9667
TLE2=2 27605  64.5562 231.2166 0062110 195.5385 164.3824 14.72409685355767
