VERSION=1.1
NAME=H-2A R/B
NICKNAME=H-2A R/B
TLE1=1 27601U 02056E   09215.31218419 -.00000002  00000-0  15292-4 0  6909
TLE2=2 27601  98.5715 304.3103 0073506 142.9081 217.7209 14.30712795346609
