VERSION=1.1
NAME=MICRO LABSAT
NICKNAME=MICRO LABSAT
TLE1=1 27600U 02056D   09215.80886388  .00000015  00000-0  22432-4 0  8277
TLE2=2 27600  98.3900 270.8249 0011881 107.3977 252.8497 14.28863320346244
