VERSION=1.1
NAME=UNISAT 2
NICKNAME=UNISAT 2
TLE1=1 27608U 02058D   09215.72320909  .00000040  00000-0  26801-4 0  9598
TLE2=2 27608  64.5554 205.4874 0043298 193.9136 166.0779 14.74426474356409
