VERSION=1.1
NAME=SAUDISAT 1C
NICKNAME=SAUDISAT 1C
TLE1=1 27607U 02058C   09215.15108138 -.00000064  00000-0  12098-4 0  9491
TLE2=2 27607  64.5572 242.4535 0062495 194.2917 165.6414 14.71450450355581
