VERSION=1.1
NAME=NIMIQ 2
NICKNAME=NIMIQ 2
TLE1=1 27632U 02062A   09215.40000000 -.00000179  00000-0  00000+0 0   360
TLE2=2 27632   0.0210 247.7790 0006571 248.0620 229.1840  1.00271994 24197
