VERSION=1.1
NAME=ICESAT
NICKNAME=ICESAT
TLE1=1 27642U 03002A   09215.56170356 -.00000978  00000-0 -98059-4 0  2912
TLE2=2 27642  94.0036 316.8646 0003715  69.8889 290.2738 14.90862642356729
