VERSION=1.1
NAME=CHIPSAT
NICKNAME=CHIPSAT
TLE1=1 27643U 03002B   09215.23615585 -.00000210  00000-0 -16886-4 0  1393
TLE2=2 27643  94.0241 332.5095 0010632 320.3201  39.7251 14.97280592358004
