VERSION=1.1
NAME=CORIOLIS
NICKNAME=CORIOLIS
TLE1=1 27640U 03001A   09214.56729956  .00000072  00000-0  56239-4 0   256
TLE2=2 27640  98.7500 220.0023 0013490 285.2426  74.7253 14.18346693340230
