VERSION=1.1
NAME=SORCE
NICKNAME=SORCE
TLE1=1 27651U 03004A   09215.03279567  .00000010  00000-0  16984-4 0  9661
TLE2=2 27651  39.9980  55.1802 0027633 308.7865  51.0467 14.82194697353241
