VERSION=1.1
NAME=GPS BIIR-08 (PRN 16)
NICKNAME=GPS BIIR-08 (PRN 16)
TLE1=1 27663U 03005A   09214.64272186 -.00000039  00000-0  10000-3 0  7742
TLE2=2 27663  55.5247  97.5517 0054241 340.8498  19.0070  2.00573652 47716
