VERSION=1.1
NAME=INTELSAT 907 (IS-907)
NICKNAME=INTELSAT 907 (IS-907)
TLE1=1 27683U 03007A   09211.95083829 -.00000208  00000-0  10000-3 0  8100
TLE2=2 27683   0.0186  64.1257 0003060  65.2912 134.0795  1.00272126 23669
