VERSION=1.1
NAME=H-2A R/B
NICKNAME=H-2A R/B
TLE1=1 27700U 03009C   09215.00615320  .00001673  00000-0  45631-4 0  8902
TLE2=2 27700  97.0153 235.5509 0041260 309.0396  50.7191 15.37997150354894
