VERSION=1.1
NAME=GPS BIIR-09 (PRN 21)
NICKNAME=GPS BIIR-09 (PRN 21)
TLE1=1 27704U 03010A   09214.70492947  .00000058  00000-0  10000-3 0  6693
TLE2=2 27704  53.5022 217.2219 0156204 213.4249 145.6046  2.00551989 46506
