VERSION=1.1
NAME=MOLNIYA 1-92
NICKNAME=MOLNIYA 1-92
TLE1=1 27707U 03011A   09214.94686969  .00000210  00000-0  65181-1 0  3372
TLE2=2 27707  64.8086 201.3514 6968514 263.8632 337.9961  2.00673125 46433
