VERSION=1.1
NAME=ASIASAT 4
NICKNAME=ASIASAT 4
TLE1=1 27718U 03014A   09212.17456072 -.00000365  00000-0  10000-3 0  1484
TLE2=2 27718   0.0049 359.2856 0001051  72.0528  62.5620  1.00267126 23123
