VERSION=1.1
NAME=INSAT-3A
NICKNAME=INSAT-3A
TLE1=1 27714U 03013A   09215.78191758 -.00000263  00000-0  10000-3 0  7175
TLE2=2 27714   0.0597 254.3316 0001931 254.9176 178.2567  1.00273495 23176
