VERSION=1.1
NAME=GALAXY 12 (G-12)
NICKNAME=GALAXY 12 (G-12)
TLE1=1 27715U 03013B   09215.58029885  .00000019  00000-0  10000-3 0  1593
TLE2=2 27715   0.0180 325.2327 0003095 166.9644 266.0810  1.00273475 23221
