VERSION=1.1
NAME=COSMOS 2397
NICKNAME=COSMOS 2397
TLE1=1 27775U 03015A   09214.76293954  .00000124  00000-0  10000-3 0  1104
TLE2=2 27775   3.5087  71.4474 0044576 202.5426 157.2896  1.00469850 23025
