VERSION=1.1
NAME=GALEX
NICKNAME=GALEX
TLE1=1 27783U 03017A   09215.59653264  .00000221  00000-0  23795-4 0  7246
TLE2=2 27783  29.0021 330.5331 0004249 201.1242 158.9205 14.59757382334711
