VERSION=1.1
NAME=GSAT-2
NICKNAME=GSAT-2
TLE1=1 27807U 03018A   09212.78189297  .00000118  00000-0  10000-3 0   446
TLE2=2 27807   0.0650  70.4247 0003310  41.3124 167.3109  1.00275805 22866
