VERSION=1.1
NAME=BEIDOU 1C
NICKNAME=BEIDOU 1C
TLE1=1 27813U 03021A   09214.78022384 -.00000357  00000-0  10000-3 0  8503
TLE2=2 27813   0.1210 192.4612 0005437 326.7226 183.6979  1.00273596 22717
