VERSION=1.1
NAME=COSMOS 2398
NICKNAME=COSMOS 2398
TLE1=1 27818U 03023A   09215.85066233  .00000044  00000-0  31549-4 0  6838
TLE2=2 27818  82.9482 353.7451 0032171 139.4222 220.9342 13.71956408308788
