VERSION=1.1
NAME=HELLAS-SAT 2
NICKNAME=HELLAS-SAT 2
TLE1=1 27811U 03020A   09215.61891840  .00000147  00000-0  10000-3 0  9679
TLE2=2 27811   0.0329 254.3385 0003285 223.3908  96.3735  1.00273777 22708
