VERSION=1.1
NAME=THURAYA-2
NICKNAME=THURAYA-2
TLE1=1 27825U 03026A   09215.24194738  .00000133  00000-0  10000-3 0  5885
TLE2=2 27825   2.8519 343.9511 0005164 143.5776 315.5396  1.00273463 22570
