VERSION=1.1
NAME=AMC-9 (GE-12)
NICKNAME=AMC-9 (GE-12)
TLE1=1 27820U 03024A   09215.32544922 -.00000221  00000-0  10000-3 0  9750
TLE2=2 27820   0.0214 225.5232 0003602 256.7774 223.8765  1.00271881 22575
