VERSION=1.1
NAME=MOLNIYA 3-53
NICKNAME=MOLNIYA 3-53
TLE1=1 27834U 03029A   09215.65877337  .00000214  00000-0  00000+0 0  1450
TLE2=2 27834  64.8122 201.0974 6965770 264.4215 129.6087  2.00609399 44870
