VERSION=1.1
NAME=ORBVIEW 3
NICKNAME=ORBVIEW 3
TLE1=1 27838U 03030A   09215.81042022  .00001344  00000-0  34698-4 0  8805
TLE2=2 27838  97.0544 272.9535 0001166 103.0774  32.2213 15.40828772342734
