VERSION=1.1
NAME=BSAT-2C
NICKNAME=BSAT-2C
TLE1=1 27830U 03028A   09215.60665704 -.00000355  00000-0  10000-3 0   342
TLE2=2 27830   0.0908 250.2128 0003430 277.6162 112.7603  1.00270590 22547
