VERSION=1.1
NAME=OPTUS C1
NICKNAME=OPTUS C1
TLE1=1 27831U 03028B   09215.62917109 -.00000152  00000-0  00000+0 0  1345
TLE2=2 27831   0.0056 202.8913 0004049 211.0114 280.9561  1.00271427 22533
