VERSION=1.1
NAME=QUAKESAT
NICKNAME=QUAKESAT
TLE1=1 27845U 03031F   09214.57859736  .00000019  00000-0  29384-4 0  6110
TLE2=2 27845  98.7194 222.5068 0009715  32.7220 327.4565 14.20282314315759
