VERSION=1.1
NAME=AAU CUBESAT
NICKNAME=AAU CUBESAT
TLE1=1 27846U 03031G   09214.50926628 -.00000044  00000-0  11456-6 0  5479
TLE2=2 27846  98.7064 223.9786 0009704 355.3649   4.7444 14.20988045315929
