VERSION=1.1
NAME=MOST
NICKNAME=MOST
TLE1=1 27843U 03031D   09214.78639263 -.00000029  00000-0  71093-5 0  6300
TLE2=2 27843  98.7194 221.9299 0010321  22.9653 337.1992 14.20117000315797
