VERSION=1.1
NAME=DTUSAT
NICKNAME=DTUSAT
TLE1=1 27842U 03031C   09215.21379170 -.00000006  00000-0  17391-4 0  6143
TLE2=2 27842  98.7064 224.6799 0009768 353.2766   6.8300 14.20988145316021
