VERSION=1.1
NAME=CUTE-1 (CO-55)
NICKNAME=CUTE-1 (CO-55)
TLE1=1 27844U 03031E   09215.53256833  .00000022  00000-0  30716-4 0  6356
TLE2=2 27844  98.7127 224.0287 0010524  12.0055 348.1369 14.20649158315981
