VERSION=1.1
NAME=CUBESAT XI-IV (CO-57)
NICKNAME=CUBESAT XI-IV (CO-57)
TLE1=1 27848U 03031J   09215.51672217 -.00000004  00000-0  18499-4 0  5844
TLE2=2 27848  98.7160 223.0755 0010309  16.2979 343.8524 14.20449771315943
