VERSION=1.1
NAME=CANX-1
NICKNAME=CANX-1
TLE1=1 27847U 03031H   09215.43380719 -.00000004  00000-0  18161-4 0  5618
TLE2=2 27847  98.7047 224.8791 0009668 352.7111   7.3940 14.20970135316002
