VERSION=1.1
NAME=ECHOSTAR 12 (RAINBOW 1)
NICKNAME=ECHOSTAR 12 (RAINBOW 1)
TLE1=1 27852U 03033A   09213.28938979 -.00000287  00000-0  10000-3 0  9940
TLE2=2 27852   0.0408 285.0275 0001484 219.4470 208.0394  1.00270342 22178
