VERSION=1.1
NAME=SCISAT 1
NICKNAME=SCISAT 1
TLE1=1 27858U 03036A   09214.97005089 -.00000086  00000-0 -75848-5 0  8066
TLE2=2 27858  73.9340  89.7473 0008048 141.4857 218.6825 14.74809592321610
