VERSION=1.1
NAME=GALAXY 23 (G-23)
NICKNAME=GALAXY 23 (G-23)
TLE1=1 27854U 03034A   09214.37749112  .00000007  00000-0  10000-3 0   213
TLE2=2 27854   0.0256  59.9227 0003073  67.4877 198.5743  1.00273428 21969
