VERSION=1.1
NAME=MOZHAYETS 4 (RS-22)
NICKNAME=MOZHAYETS 4 (RS-22)
TLE1=1 27939U 03042A   09214.76419978  .00000030  00000-0  14611-4 0  8557
TLE2=2 27939  97.9375  87.9235 0013460 350.3719   9.7231 14.63332309312381
