VERSION=1.1
NAME=BILSAT 1
NICKNAME=BILSAT 1
TLE1=1 27943U 03042E   09215.76516153 -.00000020  00000-0  50277-5 0  5080
TLE2=2 27943  97.9353  88.2270 0011618 352.1083   7.9938 14.62911950312481
