VERSION=1.1
NAME=NIGERIASAT 1
NICKNAME=NIGERIASAT 1
TLE1=1 27941U 03042C   09215.74721731  .00000027  00000-0  14061-4 0  6667
TLE2=2 27941  97.9381  88.7143 0011339 354.2503   5.8577 14.63026535312498
