VERSION=1.1
NAME=UK-DMC
NICKNAME=UK-DMC
TLE1=1 27942U 03042D   09215.71141408  .00000047  00000-0  17912-4 0  6583
TLE2=2 27942  97.9372  88.4288 0011225   2.4511 357.6747 14.63023454312484
