VERSION=1.1
NAME=EUROBIRD 3
NICKNAME=EUROBIRD 3
TLE1=1 27948U 03043A   09215.63862291  .00000151  00000-0  00000+0 0   755
TLE2=2 27948   0.0427 336.1008 0000777  98.2498 141.0189  1.00274525 21549
