VERSION=1.1
NAME=KAISTSAT 4
NICKNAME=KAISTSAT 4
TLE1=1 27945U 03042G   09215.60370366 -.00000032  00000-0  27039-5 0  7455
TLE2=2 27945  97.9406  89.8120 0012527 355.8840   4.2259 14.63150064312516
