VERSION=1.1
NAME=INSAT-3E
NICKNAME=INSAT-3E
TLE1=1 27951U 03043E   09211.74275517  .00000079  00000-0  10000-3 0  7454
TLE2=2 27951   0.1037 261.5800 0006200 242.7235 126.5892  1.00272225 21403
