VERSION=1.1
NAME=GALAXY 13 (HORIZONS-1)
NICKNAME=GALAXY 13 (HORIZONS-1)
TLE1=1 27954U 03044A   09215.46460304  .00000043  00000-0  10000-3 0  9252
TLE2=2 27954   0.0100  65.0868 0002554  17.5992 269.7109  1.00272957 21451
