VERSION=1.1
NAME=CZ-4B R/B
NICKNAME=CZ-4B R/B
TLE1=1 28059U 03049C   09215.23313795 -.00000016  00000-0  82774-5 0  6369
TLE2=2 28059  98.5314 338.0311 0051347 350.9076   9.1181 14.51438294306498
