VERSION=1.1
NAME=CBERS 2 (ZY 1B)
NICKNAME=CBERS 2 (ZY 1B)
TLE1=1 28057U 03049A   09215.84232447 -.00000032  00000-0  33916-5 0  6203
TLE2=2 28057  98.2789 266.0408 0001493 160.6351 199.4889 14.34910667303232
