VERSION=1.1
NAME=IRS-P6 (RESOURCESAT-1)
NICKNAME=IRS-P6 (RESOURCESAT-1)
TLE1=1 28051U 03046A   09215.76053270  .00000012  00000-0  25562-4 0  8385
TLE2=2 28051  98.7109 291.0169 0002442  35.8500 324.2817 14.21629217300873
