VERSION=1.1
NAME=TRANSIT 16
NICKNAME=TRANSIT 16
TLE1=1 02807U 67048A   09214.90970007  .00000074  00000-0  10000-3 0  2707
TLE2=2 02807  89.6513 202.0354 0022071 100.2985 260.0653 13.49716217 76921
