VERSION=1.1
NAME=YAMAL 202
NICKNAME=YAMAL 202
TLE1=1 28089U 03053A   09213.60342905  .00000114  00000-0  10000-3 0  7035
TLE2=2 28089   0.0257 258.8616 0002713 218.5493  99.1621  1.00275912 20898
