VERSION=1.1
NAME=ZHONGXING-20
NICKNAME=ZHONGXING-20
TLE1=1 28082U 03052A   09214.58898655 -.00000297  00000-0  10000-3 0  8037
TLE2=2 28082   0.0991  76.1278 0001804  29.2301 156.0666  1.00271940 20985
