VERSION=1.1
NAME=YAMAL 201
NICKNAME=YAMAL 201
TLE1=1 28094U 03053B   09215.57160317 -.00000234  00000-0  10000-3 0   727
TLE2=2 28094   0.0344 259.0760 0002444 204.6647 144.3057  1.00271819 23084
