VERSION=1.1
NAME=COSMOS 2404 (701)
NICKNAME=COSMOS 2404 (701)
TLE1=1 28112U 03056A   09215.41080749  .00000000  00000-0  10000-3 0  6393
TLE2=2 28112  63.9259 281.0012 0044718 103.8530 344.0962  2.13095710 43955
