VERSION=1.1
NAME=COSMOS 2403 (795)
NICKNAME=COSMOS 2403 (795)
TLE1=1 28114U 03056C   09214.71654590 -.00000004  00000-0  10000-3 0  5730
TLE2=2 28114  63.9498 281.0519 0036860  80.7438 293.0292  2.13104350 43942
