VERSION=1.1
NAME=GPS BIIR-10 (PRN 22)
NICKNAME=GPS BIIR-10 (PRN 22)
TLE1=1 28129U 03058A   09214.33560314 -.00000018  00000-0  10000-3 0  2884
TLE2=2 28129  53.8058 278.1838 0054066 252.7773 106.7091  2.00565048 41205
