VERSION=1.1
NAME=EXPRESS-AM 22
NICKNAME=EXPRESS-AM 22
TLE1=1 28134U 03060A   09213.92979529  .00000092  00000-0  10000-3 0  7919
TLE2=2 28134   0.0285 117.9261 0001229  35.6793 184.7671  1.00273993 20504
