VERSION=1.1
NAME=ESTRELA DO SUL
NICKNAME=ESTRELA DO SUL
TLE1=1 28137U 04001A   09213.29078287 -.00000285  00000-0  10000-3 0  7598
TLE2=2 28137   0.0159 211.5273 0002372 303.2564 196.8391  1.00269814 20578
