VERSION=1.1
NAME=AMOS 2
NICKNAME=AMOS 2
TLE1=1 28132U 03059A   09213.61082807 -.00000040  00000-0  10000-3 0  8268
TLE2=2 28132   0.0722  87.8692 0002200   8.4426  69.9150  1.00271687 20584
