VERSION=1.1
NAME=AMC-10 (GE-10)
NICKNAME=AMC-10 (GE-10)
TLE1=1 28154U 04003A   09213.64528132  .00000083  00000-0  10000-3 0  1136
TLE2=2 28154   0.0247 180.5186 0003214 303.5353 283.5951  1.00272307 20137
