VERSION=1.1
NAME=MOLNIYA 1-93
NICKNAME=MOLNIYA 1-93
TLE1=1 28163U 04005A   09214.79234188 -.00000027  00000-0  10000-3 0  9755
TLE2=2 28163  64.9181 282.4146 7182570 275.5947  59.8639  2.00666329 39968
