VERSION=1.1
NAME=EUTELSAT W3A
NICKNAME=EUTELSAT W3A
TLE1=1 28187U 04008A   09211.64641190  .00000043  00000-0  10000-3 0  8284
TLE2=2 28187   0.0665 359.3552 0003514 101.4332  87.3093  1.00273152 19757
