VERSION=1.1
NAME=MBSAT
NICKNAME=MBSAT
TLE1=1 28184U 04007A   09215.62054814 -.00000255  00000-0  10000-3 0  8469
TLE2=2 28184   0.0132 344.6600 0001981 138.4571 196.6419  1.00271163 19830
