VERSION=1.1
NAME=RADUGA-1 7
NICKNAME=RADUGA-1 7
TLE1=1 28194U 04010A   09215.60805315 -.00000196  00000-0  10000-3 0  1841
TLE2=2 28194   3.9394  84.1212 0002352  79.1497  93.4651  1.00275512 19619
