VERSION=1.1
NAME=GPS BIIR-11 (PRN 19)
NICKNAME=GPS BIIR-11 (PRN 19)
TLE1=1 28190U 04009A   09214.78153496 -.00000019  00000-0  10000-3 0  2293
TLE2=2 28190  54.8645 160.4765 0058224 340.2632  19.4741  2.00568454 39387
