VERSION=1.1
NAME=NAXING 1
NICKNAME=NAXING 1
TLE1=1 28221U 04012B   09215.13117257  .00000021  00000-0  77823-5 0  2400
TLE2=2 28221  97.4873 247.7862 0012824  46.8500 313.3850 14.87908927287297
