VERSION=1.1
NAME=TANSUO 1
NICKNAME=TANSUO 1
TLE1=1 28220U 04012A   09215.10418487  .00000052  00000-0  11092-4 0  2729
TLE2=2 28220  97.4913 250.0454 0012947  41.8146 318.3987 14.88675375287398
