VERSION=1.1
NAME=CZ-2C R/B
NICKNAME=CZ-2C R/B
TLE1=1 28222U 04012C   09215.13306938  .00000049  00000-0  91242-5 0  6817
TLE2=2 28222  97.4329 260.0232 0053653 256.7648 102.7589 14.97037685289008
