VERSION=1.1
NAME=GP-B
NICKNAME=GP-B
TLE1=1 28230U 04014A   09215.01809552  .00000070  00000-0  78727-5 0  5697
TLE2=2 28230  89.9445 157.6501 0002535  64.9527 295.1979 14.75981957284685
