VERSION=1.1
NAME=DIRECTV 7S
NICKNAME=DIRECTV 7S
TLE1=1 28238U 04016A   09214.46632748 -.00000004  00000-0  10000-3 0  9517
TLE2=2 28238   0.0147  96.2096 0002315  29.1371 234.6370  1.00272287 19287
