VERSION=1.1
NAME=FORMOSAT-2 (ROCSAT 2)
NICKNAME=FORMOSAT-2 (ROCSAT 2)
TLE1=1 28254U 04018A   09215.85131366  .00000104  00000-0  10000-3 0  9106
TLE2=2 28254  99.1328 274.2864 0003189 125.9815   2.3254 14.00750146266198
