VERSION=1.1
NAME=AMC-11 (GE-11)
NICKNAME=AMC-11 (GE-11)
TLE1=1 28252U 04017A   09214.38143532  .00000063  00000-0  10000-3 0  7885
TLE2=2 28252   0.0123 312.7582 0002274 156.3142 208.3468  1.00273702 19072
