VERSION=1.1
NAME=OPS 5712 (P/L 160)
NICKNAME=OPS 5712 (P/L 160)
TLE1=1 02826U 67053A   09214.92608426  .00000302  00000-0  11870-3 0  7861
TLE2=2 02826  69.9325  60.6969 0006000  78.0452 282.1345 14.38285624174013
