VERSION=1.1
NAME=INTELSAT 10-02
NICKNAME=INTELSAT 10-02
TLE1=1 28358U 04022A   09212.61790748 -.00000016  00000-0  10000-3 0  7316
TLE2=2 28358   0.0298 103.5821 0000492 356.1512  71.0802  1.00272623 18814
