VERSION=1.1
NAME=SL-16 R/B
NICKNAME=SL-16 R/B
TLE1=1 28353U 04021B   09214.84458965 -.00000106  00000-0 -30882-4 0  4161
TLE2=2 28353  70.9991 347.0434 0006728 243.8716 116.1736 14.13904707265708
