VERSION=1.1
NAME=APSTAR 5 (TELSTAR 18)
NICKNAME=APSTAR 5 (TELSTAR 18)
TLE1=1 28364U 04024A   09215.47876167 -.00000300  00000-0  10000-3 0  5204
TLE2=2 28364   0.0055 358.9678 0002245 119.6912 143.8134  1.00268088 18829
