VERSION=1.1
NAME=SAUDICOMSAT 1
NICKNAME=SAUDICOMSAT 1
TLE1=1 28369U 04025D   09214.14012609 -.00000044  00000-0 -34641-6 0  4560
TLE2=2 28369  98.0159 250.2503 0032855 271.5206  88.2239 14.50643561269616
