VERSION=1.1
NAME=DEMETER
NICKNAME=DEMETER
TLE1=1 28368U 04025C   09215.78523343  .00000059  00000-0  17690-4 0  8046
TLE2=2 28368  97.9667 280.2381 0001449  95.7556 264.3809 14.70194981272717
