VERSION=1.1
NAME=APRIZESAT 2 (LATINSAT D)
NICKNAME=APRIZESAT 2 (LATINSAT D)
TLE1=1 28366U 04025A   09215.53905303  .00000002  00000-0  14216-4 0  4277
TLE2=2 28366  98.0880 209.3946 0110046  25.4872 335.1668 14.35577794267024
