VERSION=1.1
NAME=GPS BIIR-12 (PRN 23)
NICKNAME=GPS BIIR-12 (PRN 23)
TLE1=1 28361U 04023A   09214.56702297 -.00000112  00000-0  10000-3 0   533
TLE2=2 28361  55.5849 336.5901 0062841 169.8534 190.2838  2.00573554 37464
