VERSION=1.1
NAME=ECHO (AO-51)
NICKNAME=ECHO (AO-51)
TLE1=1 28375U 04025K   09214.56795593 -.00000006  00000-0  10864-4 0  4514
TLE2=2 28375  98.0519 221.4668 0084733 345.1119  14.7579 14.40648188267638
