VERSION=1.1
NAME=SAUDISAT 2
NICKNAME=SAUDISAT 2
TLE1=1 28371U 04025F   09215.79539942 -.00000024  00000-0  48070-5 0  7648
TLE2=2 28371  98.0179 258.9845 0024904 259.6480 100.1897 14.52931943270287
