VERSION=1.1
NAME=UNISAT 3
NICKNAME=UNISAT 3
TLE1=1 28373U 04025H   09214.72327988 -.00000006  00000-0  10673-4 0  4359
TLE2=2 28373  98.0376 229.2126 0070480 323.4193  36.2192 14.43331806268851
