VERSION=1.1
NAME=AURA
NICKNAME=AURA
TLE1=1 28376U 04026A   09214.76447944  .00000012  00000-0  12731-4 0  5626
TLE2=2 28376  98.1757 158.3730 0001407  62.1108 298.0219 14.57129628268598
