VERSION=1.1
NAME=APRIZESAT 1 (LATINSAT C)
NICKNAME=APRIZESAT 1 (LATINSAT C)
TLE1=1 28372U 04025G   09215.63101066 -.00000076  00000-0 -88111-5 0  4436
TLE2=2 28372  98.0153 243.6925 0046351 283.3161  76.2862 14.48170164269367
