VERSION=1.1
NAME=SAUDICOMSAT 2
NICKNAME=SAUDICOMSAT 2
TLE1=1 28370U 04025E   09214.60885272 -.00000052  00000-0 -25838-5 0  4596
TLE2=2 28370  98.0236 235.7040 0058404 304.3811  55.1859 14.45741758268771
