VERSION=1.1
NAME=ANIK F2
NICKNAME=ANIK F2
TLE1=1 28378U 04027A   09214.43788098 -.00000055  00000-0  10000-3 0  8279
TLE2=2 28378   0.0168  36.2197 0001746  62.6874 258.7742  1.00272799 18555
