VERSION=1.1
NAME=DOUBLESTAR (TC-2)
NICKNAME=DOUBLESTAR (TC-2)
TLE1=1 28382U 04029A   09214.27832127  .00000648  00000-0  12957-1 0  1182
TLE2=2 28382  89.3454 335.3726 7261763 278.4819  24.9368  2.11758508 38615
