VERSION=1.1
NAME=COSMOS 2407
NICKNAME=COSMOS 2407
TLE1=1 28380U 04028A   09215.78452078  .00000026  00000-0  10834-4 0  5010
TLE2=2 28380  82.9618 315.6093 0038523 196.0679 163.9263 13.75844357252739
