VERSION=1.1
NAME=AMAZONAS
NICKNAME=AMAZONAS
TLE1=1 28393U 04031A   09213.13950329 -.00000288  00000-0  10000-3 0  6394
TLE2=2 28393   0.0279 355.4855 0006901 104.2484 199.2959  1.00268769 18315
