VERSION=1.1
NAME=EDUSAT
NICKNAME=EDUSAT
TLE1=1 28417U 04036A   09212.67271861 -.00000082  00000-0  10000-3 0    61
TLE2=2 28417   0.3730  83.0648 0004072 183.3958 359.0892  1.00271447 17860
