VERSION=1.1
NAME=AMC-15
NICKNAME=AMC-15
TLE1=1 28446U 04041A   09214.74181941 -.00000094  00000-0  00000+0 0  8761
TLE2=2 28446   0.0370 232.3599 0002148 243.5827 357.4972  1.00272039 17611
