VERSION=1.1
NAME=FENGYUN 2C
NICKNAME=FENGYUN 2C
TLE1=1 28451U 04042A   09214.93011920 -.00000333  00000-0  00000+0 0  6302
TLE2=2 28451   1.5090  76.9960 0001371 109.3795 204.2793  1.00260354 17512
