VERSION=1.1
NAME=EXPRESS-AM 1
NICKNAME=EXPRESS-AM 1
TLE1=1 28463U 04043A   09215.66136058  .00000146  00000-0  10000-3 0  5155
TLE2=2 28463   0.0158 245.0000 0000486 221.5105 123.9268  1.00272343 17432
