VERSION=1.1
NAME=AMC-16
NICKNAME=AMC-16
TLE1=1 28472U 04048A   09215.40000000 -.00000211  00000-0  00000+0 0  9095
TLE2=2 28472   0.0330 242.0560 0002573 223.1860 265.8360  1.00271562 17034
