VERSION=1.1
NAME=GPS BIIR-13 (PRN 02)
NICKNAME=GPS BIIR-13 (PRN 02)
TLE1=1 28474U 04045A   09215.06294589  .00000056  00000-0  10000-3 0  9319
TLE2=2 28474  53.9200 215.4270 0089122 165.8423 194.4284  2.00562124 34830
