VERSION=1.1
NAME=CZ-4B R/B
NICKNAME=CZ-4B R/B
TLE1=1 28471U 04044B   09215.11434424  .00001212  00000-0  29908-4 0  4098
TLE2=2 28471  96.9808 237.7338 0103891 186.8585 173.1244 15.37078794265118
