VERSION=1.1
NAME=SWIFT
NICKNAME=SWIFT
TLE1=1 28485U 04047A   09215.40748362  .00000534  00000-0  12184-4 0  3573
TLE2=2 28485  20.5609 236.2843 0014346 279.7322  80.1480 14.92559983256738
