VERSION=1.1
NAME=CZ-2C R/B
NICKNAME=CZ-2C R/B
TLE1=1 28480U 04046B   09215.70556564  .00000050  00000-0  34147-4 0  5535
TLE2=2 28480  98.1840 121.0629 0144541  78.5951 283.1375 14.24824266244816
