VERSION=1.1
NAME=ESSAIM-3
NICKNAME=ESSAIM-3
TLE1=1 28496U 04049E   09215.68675206  .00000029  00000-0  13388-4 0  2062
TLE2=2 28496  98.2699 179.7343 0010170  95.0608 265.1761 14.70160566248249
