VERSION=1.1
NAME=HELIOS-2A
NICKNAME=HELIOS-2A
TLE1=1 28492U 04049A   09215.71966998  .00000005  00000-0  99485-5 0  1812
TLE2=2 28492  98.0853 151.6832 0000873 111.9441 248.1862 14.63841450247094
