VERSION=1.1
NAME=ARIANE 5 R/B
NICKNAME=ARIANE 5 R/B
TLE1=1 28499U 04049H   09215.38408139  .00000052  00000-0  14757-4 0  4677
TLE2=2 28499  98.2650 194.2449 0098240  81.5829 279.6510 14.77109922249246
