VERSION=1.1
NAME=NANOSAT-1
NICKNAME=NANOSAT-1
TLE1=1 28493U 04049B   09215.48237162  .00000042  00000-0  15428-4 0  4088
TLE2=2 28493  98.2643 177.3580 0005915 100.9965 259.1900 14.70318933248112
