VERSION=1.1
NAME=ESSAIM-1
NICKNAME=ESSAIM-1
TLE1=1 28494U 04049C   09215.68662914  .00000026  00000-0  12762-4 0  2525
TLE2=2 28494  98.2563 175.2607 0004223  85.8689 274.2999 14.70162106248065
