VERSION=1.1
NAME=ESSAIM-2
NICKNAME=ESSAIM-2
TLE1=1 28495U 04049D   09215.68617941  .00000042  00000-0  15446-4 0  2773
TLE2=2 28495  98.2568 175.3703 0005172  82.1757 278.0040 14.70162504248060
