VERSION=1.1
NAME=ESSAIM-4
NICKNAME=ESSAIM-4
TLE1=1 28497U 04049F   09215.68629159  .00000063  00000-0  19001-4 0  2560
TLE2=2 28497  98.2703 179.7757 0013374  91.9425 268.3318 14.70160738248240
