VERSION=1.1
NAME=PARASOL
NICKNAME=PARASOL
TLE1=1 28498U 04049G   09214.76054110  .00000018  00000-0  14212-4 0  4772
TLE2=2 28498  98.2717 157.3819 0001336  88.8365 271.2965 14.57113038245862
