VERSION=1.1
NAME=COSMOS 2413 (712)
NICKNAME=COSMOS 2413 (712)
TLE1=1 28509U 04053B   09215.77980852  .00000005  00000-0  10000-3 0  2935
TLE2=2 28509  63.8198 279.7843 0007226 168.0375 156.5869  2.13100196 35829
