VERSION=1.1
NAME=NSS-10 (AMC-12)
NICKNAME=NSS-10 (AMC-12)
TLE1=1 28526U 05003A   09215.87842688 -.00000255  00000-0  00000+0 0  5010
TLE2=2 28526   0.0380 262.3330 0003561 232.5817  96.4730  1.00270614 16533
