VERSION=1.1
NAME=COSMOS 2414
NICKNAME=COSMOS 2414
TLE1=1 28521U 05002A   09215.55361205 -.00000024  00000-0 -33289-4 0  4171
TLE2=2 28521  82.9472  21.3203 0038799 249.7665 109.9313 13.87347817229668
