VERSION=1.1
NAME=XTAR-EUR
NICKNAME=XTAR-EUR
TLE1=1 28542U 05005A   09215.93427591  .00000147  00000-0  10000-3 0  5495
TLE2=2 28542   0.0564 252.2589 0001696 247.7830 177.9154  1.00272917 16396
