VERSION=1.1
NAME=INMARSAT 4-F1
NICKNAME=INMARSAT 4-F1
TLE1=1 28628U 05009A   09215.62054838 -.00000260  00000-0  10000-3 0  9424
TLE2=2 28628   2.2909 324.9718 0002907 170.4229 183.8330  1.00272430 15895
