VERSION=1.1
NAME=XM-3 (RHYTHM)
NICKNAME=XM-3 (RHYTHM)
TLE1=1 28626U 05008A   09215.40000000 -.00000211  00000-0  00000+0 0  6214
TLE2=2 28626   0.0260  65.1360 0000197  44.4020 261.4800  1.00271669 16286
