VERSION=1.1
NAME=EXPRESS-AM 2
NICKNAME=EXPRESS-AM 2
TLE1=1 28629U 05010A   09214.00209334 -.00000141  00000-0  10000-3 0  1689
TLE2=2 28629   0.0083 198.4084 0002291 291.6951 261.3580  1.00271301 15917
