VERSION=1.1
NAME=HIMAWARI 6 (MTSAT-1R)
NICKNAME=HIMAWARI 6 (MTSAT-1R)
TLE1=1 28622U 05006A   09212.38998306 -.00000286  00000-0  10000-3 0  2423
TLE2=2 28622   0.0269  49.3737 0002096 295.3563 244.8413  1.00269530 16191
