VERSION=1.1
NAME=APSTAR 6
NICKNAME=APSTAR 6
TLE1=1 28638U 05012A   09212.76570900 -.00000323  00000-0  10000-3 0  4531
TLE2=2 28638   0.0351 126.5340 0002777  10.0557 222.5430  1.00269933 40601
