VERSION=1.1
NAME=IRS-P5 (CARTOSAT-1)
NICKNAME=IRS-P5 (CARTOSAT-1)
TLE1=1 28649U 05017A   09215.79025379  .00000058  00000-0  13653-4 0  8074
TLE2=2 28649  97.8633 288.0336 0000753  84.5010 275.6291 14.82661227229914
