VERSION=1.1
NAME=SPACEWAY 1
NICKNAME=SPACEWAY 1
TLE1=1 28644U 05015A   09214.69514041 -.00000108  00000-0  10000-3 0  7364
TLE2=2 28644   0.0208 247.8205 0000224 145.3454  65.5858  1.00271863 15728
