VERSION=1.1
NAME=DIRECTV 8
NICKNAME=DIRECTV 8
TLE1=1 28659U 05019A   09214.29186302 -.00000121  00000-0  00000+0 0  8063
TLE2=2 28659   0.0128 354.5238 0002465 138.2944 182.3896  1.00271699 15380
