VERSION=1.1
NAME=HAMSAT (VO-52)
NICKNAME=HAMSAT (VO-52)
TLE1=1 28650U 05017B   09214.78424827 -.00000209  00000-0 -19822-4 0  2871
TLE2=2 28650  97.7392 274.8187 0026029 236.1052 123.7698 14.81605165229540
