VERSION=1.1
NAME=NOAA 18
NICKNAME=NOAA 18
TLE1=1 28654U 05018A   09215.05217427  .00000144  00000-0  10412-3 0  9950
TLE2=2 28654  98.9066 157.9321 0013428 228.5989 131.4038 14.11274603216563
