VERSION=1.1
NAME=GALAXY 28 (G-28)
NICKNAME=GALAXY 28 (G-28)
TLE1=1 28702U 05022A   09213.21812962 -.00000190  00000-0  10000-3 0  6794
TLE2=2 28702   0.0104   3.2022 0000989  61.4750 234.7638  1.00271002 15084
