VERSION=1.1
NAME=EXPRESS-AM 3
NICKNAME=EXPRESS-AM 3
TLE1=1 28707U 05023A   09215.57765409 -.00000284  00000-0  10000-3 0   523
TLE2=2 28707   0.0854 230.4094 0002780 258.4283 171.4711  1.00273256 15075
