VERSION=1.1
NAME=CZ-2D R/B
NICKNAME=CZ-2D R/B
TLE1=1 28738U 05024B   09215.10055488 -.00000027  00000-0  27055-5 0  3850
TLE2=2 28738  97.7607 230.5825 0013260  34.5499 325.6587 15.00631434223298
