VERSION=1.1
NAME=OPS 5712 (P/L 153)
NICKNAME=OPS 5712 (P/L 153)
TLE1=1 02874U 67053H   09214.50216201 -.00000054  00000-0 -33167-6 0  1770
TLE2=2 02874  69.9729 352.8387 0009622 270.3272  89.6735 13.95925187147003
