VERSION=1.1
NAME=SUZAKU (ASTRO-EII)
NICKNAME=SUZAKU (ASTRO-EII)
TLE1=1 28773U 05025A   09215.64966641  .00000249  00000-0  13395-4 0   517
TLE2=2 28773  31.4060 328.4832 0006785 324.1074  35.9113 15.00816350223345
