VERSION=1.1
NAME=THAICOM 4
NICKNAME=THAICOM 4
TLE1=1 28786U 05028A   09215.61472426 -.00000367  00000-0  10000-3 0  5879
TLE2=2 28786   0.0024 160.7171 0002885 321.7488 170.6124  1.00269822 14611
