VERSION=1.1
NAME=GALAXY 14 (G-14)
NICKNAME=GALAXY 14 (G-14)
TLE1=1 28790U 05030A   09215.50388492  .00000032  00000-0  10000-3 0  7728
TLE2=2 28790   0.0203  30.7025 0002335  96.0271 241.8518  1.00273108 14532
