VERSION=1.1
NAME=ANIK F1R
NICKNAME=ANIK F1R
TLE1=1 28868U 05036A   09215.52981116 -.00000079  00000-0  10000-3 0  7041
TLE2=2 28868   0.0175  33.3203 0002929 108.3239 253.9933  1.00272192 14372
