VERSION=1.1
NAME=GPS BIIRM-1 (PRN 17)
NICKNAME=GPS BIIRM-1 (PRN 17)
TLE1=1 28874U 05038A   09214.91702028 -.00000023  00000-0  10000-3 0  1958
TLE2=2 28874  54.9968 157.2654 0045931 212.3469 147.3252  2.00559141 28259
