VERSION=1.1
NAME=GALAXY 15 (G-15)
NICKNAME=GALAXY 15 (G-15)
TLE1=1 28884U 05041A   09215.43785903  .00000074  00000-0  10000-3 0  6695
TLE2=2 28884   0.0194 265.2301 0002447 218.0597 213.4687  1.00273126 13955
