VERSION=1.1
NAME=SYRACUSE 3A
NICKNAME=SYRACUSE 3A
TLE1=1 28885U 05041B   09215.59830689  .00000124  00000-0  10000-3 0  6376
TLE2=2 28885   0.0223 108.4969 0002112   2.2126 103.9430  1.00273641 14050
