VERSION=1.1
NAME=UWE-1
NICKNAME=UWE-1
TLE1=1 28892U 05043C   09214.71600764  .00000091  00000-0  28632-4 0  3964
TLE2=2 28892  98.0487 103.4617 0017026 198.9873 161.0704 14.59755726200631
