VERSION=1.1
NAME=TOPSAT
NICKNAME=TOPSAT
TLE1=1 28891U 05043B   09215.73941631  .00000058  00000-0  21654-4 0  2337
TLE2=2 28891  98.0444 104.1987 0016688 195.5759 164.4942 14.59769075200802
