VERSION=1.1
NAME=SSETI EXPRESS (XO-53)
NICKNAME=SSETI EXPRESS (XO-53)
TLE1=1 28894U 05043E   09215.70890020 -.00000004  00000-0  86716-5 0  5282
TLE2=2 28894  98.0494 104.6600 0016939 198.6408 161.4179 14.59677658200782
