VERSION=1.1
NAME=CUBESAT XI-V (CO-58)
NICKNAME=CUBESAT XI-V (CO-58)
TLE1=1 28895U 05043F   09215.63367275  .00000092  00000-0  28713-4 0  3608
TLE2=2 28895  98.0514 104.9079 0017702 196.0896 163.9752 14.59785483200657
