VERSION=1.1
NAME=BEIJING 1
NICKNAME=BEIJING 1
TLE1=1 28890U 05043A   09215.78126753 -.00000033  00000-0  26571-5 0  3879
TLE2=2 28890  98.0456 104.9869 0014977 192.1777 167.9061 14.60064876200857
