VERSION=1.1
NAME=INMARSAT 4-F2
NICKNAME=INMARSAT 4-F2
TLE1=1 28899U 05044A   09212.70243025  .00000136  00000-0  10000-3 0  7886
TLE2=2 28899   2.2409 315.4685 0002927 178.1406  93.7746  1.00274370 13705
