VERSION=1.1
NAME=SINAH 1
NICKNAME=SINAH 1
TLE1=1 28893U 05043D   09215.70472049 -.00000024  00000-0  45090-5 0  1679
TLE2=2 28893  98.0480 105.1187 0014999 195.7769 164.2965 14.60078875200843
