VERSION=1.1
NAME=NCUBE-2
NICKNAME=NCUBE-2
TLE1=1 28897U 05043H   09215.13755044  .00000083  00000-0  26694-4 0  9141
TLE2=2 28897  98.0503 104.3320 0016571 199.0335 161.0255 14.59964883192878
