VERSION=1.1
NAME=SPACEWAY 2
NICKNAME=SPACEWAY 2
TLE1=1 28903U 05046B   09214.72826257 -.00000131  00000-0  10000-3 0  6539
TLE2=2 28903   0.0057 315.4730 0000845 258.3275 260.6816  1.00271098 13706
