VERSION=1.1
NAME=TELKOM 2
NICKNAME=TELKOM 2
TLE1=1 28902U 05046A   09215.61500808 -.00000368  00000-0  10000-3 0  6787
TLE2=2 28902   0.0483 224.5626 0001647 272.8727 154.2914  1.00272822 13620
