VERSION=1.1
NAME=COSMOS 2418 (713)
NICKNAME=COSMOS 2418 (713)
TLE1=1 28916U 05050B   09215.06925916 -.00000010  00000-0  10000-3 0    55
TLE2=2 28916  64.8845 162.2802 0020277 331.2102 149.5391  2.13104307 28063
