VERSION=1.1
NAME=INSAT-4A
NICKNAME=INSAT-4A
TLE1=1 28911U 05049A   09212.74825711 -.00000170  00000-0  10000-3 0  7179
TLE2=2 28911   0.0295 256.9174 0006592 214.4933 190.4403  1.00271094 13279
