VERSION=1.1
NAME=COSMOS 2419 (714)
NICKNAME=COSMOS 2419 (714)
TLE1=1 28915U 05050A   09215.51426238 -.00000009  00000-0  10000-3 0   167
TLE2=2 28915  64.8662 162.2307 0009394 325.4751 182.8447  2.13101844 28077
