VERSION=1.1
NAME=METEOSAT-9 (MSG-2)
NICKNAME=METEOSAT-9 (MSG-2)
TLE1=1 28912U 05049B   09212.69016353 -.00000001  00000-0  10000-3 0  5449
TLE2=2 28912   0.3311 265.3126 0000738 174.4246 118.9214  1.00280405 13294
