VERSION=1.1
NAME=GIOVE-A
NICKNAME=GIOVE-A
TLE1=1 28922U 05051A   09214.54665225 -.00000008  00000-0  10000-3 0  5219
TLE2=2 28922  56.0710 156.1288 0016293  13.5029 346.1734  1.69938386 22359
