VERSION=1.1
NAME=AMC-23
NICKNAME=AMC-23
TLE1=1 28924U 05052A   09215.56324980 -.00000011  00000-0  10000-3 0  6445
TLE2=2 28924   0.0054  61.2425 0003333  70.8071 194.9702  1.00271947 13198
