VERSION=1.1
NAME=ALOS (DAICHI)
NICKNAME=ALOS (DAICHI)
TLE1=1 28931U 06002A   09215.72164524  .00000058  00000-0  21906-4 0  9691
TLE2=2 28931  98.1877 290.2391 0001522  98.1245 262.0125 14.59556171187839
