VERSION=1.1
NAME=MTSAT-2
NICKNAME=MTSAT-2
TLE1=1 28937U 06004A   09215.59762719 -.00000247  00000-0  10000-3 0  6076
TLE2=2 28937   0.0412 268.0748 0003020 175.4595 228.9459  1.00272170 12703
