VERSION=1.1
NAME=AKARI (ASTRO-F)
NICKNAME=AKARI (ASTRO-F)
TLE1=1 28939U 06005A   09215.57084236  .00000085  00000-0  28797-4 0   535
TLE2=2 28939  98.2476 218.3884 0009220  38.4841 321.7013 14.57553737182997
