VERSION=1.1
NAME=H-2A R/B
NICKNAME=H-2A R/B
TLE1=1 28932U 06002B   09215.40541450  .00000179  00000-0  27763-4 0  1462
TLE2=2 28932  98.2109 336.9457 0105619 285.0789  73.8728 14.82611469190695
