VERSION=1.1
NAME=ECHOSTAR 10
NICKNAME=ECHOSTAR 10
TLE1=1 28935U 06003A   09215.24502477 -.00000061  00000-0  10000-3 0  7253
TLE2=2 28935   0.0256 311.7921 0001672 190.0107 148.1528  1.00272873 12721
