VERSION=1.1
NAME=CUTE-1.7+APD (CO-56)
NICKNAME=CUTE-1.7+APD (CO-56)
TLE1=1 28941U 06005C   09215.61653999  .00055769  38405-5  14887-3 0  3138
TLE2=2 28941  98.1342  39.2075 0068871 311.6850  47.8550 15.90579776194776
