VERSION=1.1
NAME=SPAINSAT
NICKNAME=SPAINSAT
TLE1=1 28945U 06007A   09214.67421633 -.00000222  00000-0  10000-3 0  3714
TLE2=2 28945   0.0529 256.9027 0003418 264.6381   2.5521  1.00270161 12469
