VERSION=1.1
NAME=M-V-8 R/B
NICKNAME=M-V-8 R/B
TLE1=1 28942U 06005D   09215.87573856  .00008799  24540-5  72428-4 0  9701
TLE2=2 28942  98.1478  16.5456 0175332  26.0461 334.9499 15.54499398193394
