VERSION=1.1
NAME=EUROBIRD 9A
NICKNAME=EUROBIRD 9A
TLE1=1 28946U 06007B   09213.01001015  .00000056  00000-0  10000-3 0  3679
TLE2=2 28946   0.0184 269.3737 0003976 244.2040 168.7181  1.00272575 12499
