VERSION=1.1
NAME=ST5-B
NICKNAME=ST5-B
TLE1=1 28981U 06008B   09214.91305428  .00007170  14329-5  24439-3 0  1086
TLE2=2 28981 105.6757 235.6126 2333747 138.7428 241.5714 10.74201043130828
