VERSION=1.1
NAME=ST5-A
NICKNAME=ST5-A
TLE1=1 28980U 06008A   09215.00882194  .00001820  00000-0  10814-3 0   540
TLE2=2 28980 105.7014 214.8405 2356735 159.4941 211.9372 10.61474894129950
