VERSION=1.1
NAME=ST5-C
NICKNAME=ST5-C
TLE1=1 28982U 06008C   09215.20463868  .00004586  14271-5  18856-3 0  1050
TLE2=2 28982 105.6990 230.6460 2344463 146.1939 231.3491 10.69989729130569
