VERSION=1.1
NAME=FORMOSAT 3C
NICKNAME=FORMOSAT 3C
TLE1=1 29049U 06011C   09214.88047592  .00000361  00000-0  16364-3 0    63
TLE2=2 29049  72.0222 350.9431 0034992  76.0605 284.4402 14.27129568172646
