VERSION=1.1
NAME=FORMOSAT 3A
NICKNAME=FORMOSAT 3A
TLE1=1 29047U 06011A   09215.74324399 -.00000306  00000-0 -10722-3 0   120
TLE2=2 29047  71.9809 284.4476 0050766  61.4004 299.2226 14.27109662174510
