VERSION=1.1
NAME=JCSAT 9
NICKNAME=JCSAT 9
TLE1=1 29045U 06010A   09214.76233329 -.00000333  00000-0  10000-3 0  5022
TLE2=2 29045   0.0197 325.8780 0001517 141.8477 250.2258  1.00271690 12157
