VERSION=1.1
NAME=FORMOSAT 3B
NICKNAME=FORMOSAT 3B
TLE1=1 29048U 06011B   09215.14399532  .00000389  00000-0  17471-3 0   628
TLE2=2 29048  71.9681 201.0772 0044675  11.8397 348.3741 14.27118564176903
