VERSION=1.1
NAME=FORMOSAT 3E
NICKNAME=FORMOSAT 3E
TLE1=1 29051U 06011E   09215.61278363  .00000372  00000-0  16522-3 0   664
TLE2=2 29051  72.0072 258.3832 0070965 303.1708  56.2616 14.27124503175331
