VERSION=1.1
NAME=FORMOSAT 3F
NICKNAME=FORMOSAT 3F
TLE1=1 29052U 06011F   09214.82002972  .00000360  00000-0  16273-3 0   826
TLE2=2 29052  72.0368 322.1714 0040721  45.1565 315.2842 14.27118704173524
