VERSION=1.1
NAME=ASTRA 1KR
NICKNAME=ASTRA 1KR
TLE1=1 29055U 06012A   09206.00000000  .00000107  00000-0  00000+0 0  3088
TLE2=2 29055   0.0910 239.0210 0001984 286.1960 156.8300  1.00265037 11980
