VERSION=1.1
NAME=FORMOSAT 3D
NICKNAME=FORMOSAT 3D
TLE1=1 29050U 06011D   09215.87809486  .00001098  00000-0  26646-3 0  2887
TLE2=2 29050  72.0096 163.0583 0053395 315.8903  43.7886 14.54040215178178
