VERSION=1.1
NAME=EROS B
NICKNAME=EROS B
TLE1=1 29079U 06014A   09215.87400306  .00000757  00000-0  40631-4 0  7055
TLE2=2 29079  97.4013 335.9039 0008890 242.3966 273.9242 15.17873584181752
