VERSION=1.1
NAME=SURCAL 150B
NICKNAME=SURCAL 150B
TLE1=1 02909U 67053J   09215.09557402  .00000289  00000-0  97191-4 0  9620
TLE2=2 02909  69.9536 233.6655 0006362 266.0399  94.0022 14.46502780179755
