VERSION=1.1
NAME=RSS-1 (YAOGAN 1)
NICKNAME=RSS-1 (YAOGAN 1)
TLE1=1 29092U 06015A   09215.81155429  .00000593  00000-0  84458-4 0  6690
TLE2=2 29092  97.8402 208.8839 0001757  53.5720 306.5654 14.80325837176817
