VERSION=1.1
NAME=CLOUDSAT
NICKNAME=CLOUDSAT
TLE1=1 29107U 06016A   09214.75966607  .00000082  00000-0  28249-4 0   455
TLE2=2 29107  98.1781 158.4344 0001511  95.2977 264.8378 14.57138268173656
