VERSION=1.1
NAME=CALIPSO
NICKNAME=CALIPSO
TLE1=1 29108U 06016B   09214.75986106  .00000076  00000-0  26821-4 0   437
TLE2=2 29108  98.1781 158.4850 0001324  81.6915 278.4419 14.57139212173637
