VERSION=1.1
NAME=GOES 13
NICKNAME=GOES 13
TLE1=1 29155U 06018A   09214.73809987 -.00000091  00000-0  10000-3 0  6873
TLE2=2 29155   0.0750 197.8588 0002476 336.2043 297.5583  1.00272315 11723
