VERSION=1.1
NAME=SATMEX 6
NICKNAME=SATMEX 6
TLE1=1 29162U 06020A   09215.43683486 -.00000042  00000-0  10000-3 0  4577
TLE2=2 29162   0.0307 263.0037 0002751 212.5130 240.8637  1.00272609 11685
