VERSION=1.1
NAME=THAICOM 5
NICKNAME=THAICOM 5
TLE1=1 29163U 06020B   09215.67961487 -.00000126  00000-0  10000-3 0  6614
TLE2=2 29163   0.0618 251.3446 0003881 228.9561 155.2038  1.00273620 11755
