VERSION=1.1
NAME=RESURS-DK 1
NICKNAME=RESURS-DK 1
TLE1=1 29228U 06021A   09215.86715863  .00000467  00000-0  13901-4 0  5387
TLE2=2 29228  69.9305 244.8515 0158728  95.6669 266.2617 15.32429346175639
