VERSION=1.1
NAME=GALAXY 16 (G-16)
NICKNAME=GALAXY 16 (G-16)
TLE1=1 29236U 06023A   09214.73346640 -.00000132  00000-0  10000-3 0  5652
TLE2=2 29236   0.0303 185.2619 0003308 299.9115 351.3012  1.00271745 11477
