VERSION=1.1
NAME=KAZSAT 1
NICKNAME=KAZSAT 1
TLE1=1 29230U 06022A   09215.69562333 -.00000295  00000-0  10000-3 0  6325
TLE2=2 29230   0.1908  85.7308 0002665  53.6451 162.0588  1.00238332 11475
