VERSION=1.1
NAME=COSMOS 2421
NICKNAME=COSMOS 2421
TLE1=1 29247U 06026A   09215.86060809  .00008645  00000-0  99423-4 0  7769
TLE2=2 29247  65.0385 117.7735 0019249 259.0238 100.8746 15.62447453176537
