VERSION=1.1
NAME=GENESIS 1
NICKNAME=GENESIS 1
TLE1=1 29252U 06029A   09215.22304799  .00000038  00000-0  15950-4 0  8321
TLE2=2 29252  64.5099 204.6072 0027944 203.5052 156.4789 15.03405364167981
