VERSION=1.1
NAME=ARIRANG 2 (KOMPSAT-2)
NICKNAME=ARIRANG 2 (KOMPSAT-2)
TLE1=1 29268U 06031A   09215.82000321  .00000010  00000-0  11291-4 0  3713
TLE2=2 29268  98.0332 107.1271 0018353   1.3207 358.8045 14.61718403161046
