VERSION=1.1
NAME=JCSAT 10
NICKNAME=JCSAT 10
TLE1=1 29272U 06033A   09212.66429366 -.00000353  00000-0  10000-3 0  5239
TLE2=2 29272   1.6269  78.7322 0003675  21.6469 215.6596  1.00271819 10943
