VERSION=1.1
NAME=HOT BIRD 8
NICKNAME=HOT BIRD 8
TLE1=1 29270U 06032A   09214.84883525  .00000082  00000-0  10000-3 0  3651
TLE2=2 29270   0.0721 338.7529 0002039  53.5148 237.8712  1.00274249 11077
