VERSION=1.1
NAME=SYRACUSE 3B
NICKNAME=SYRACUSE 3B
TLE1=1 29273U 06033B   09212.04874014 -.00000049  00000-0  10000-3 0  4013
TLE2=2 29273   0.0194 109.6708 0003122  17.1075 194.3704  1.00273676 10921
