VERSION=1.1
NAME=KOREASAT 5 (MUGUNGWHA 5)
NICKNAME=KOREASAT 5 (MUGUNGWHA 5)
TLE1=1 29349U 06034A   09214.56883964 -.00000363  00000-0  10000-3 0  5358
TLE2=2 29349   0.0265  96.7974 0002337  26.7535 145.5545  1.00271492 10845
