VERSION=1.1
NAME=ZHONGXING-22A
NICKNAME=ZHONGXING-22A
TLE1=1 29398U 06038A   09214.94249262 -.00000327  00000-0  10000-3 0  8820
TLE2=2 29398   0.1138  76.5491 0001507  40.2709 277.3303  1.00267862 10652
