VERSION=1.1
NAME=H-2A R/B
NICKNAME=H-2A R/B
TLE1=1 29394U 06037B   09214.96173762  .00002258  00000-0  56284-4 0  8940
TLE2=2 29394  97.3270 339.6178 0036227 187.1752 172.8980 15.40659572162384
