VERSION=1.1
NAME=HINODE (SOLAR-B)
NICKNAME=HINODE (SOLAR-B)
TLE1=1 29479U 06041A   09214.98050163  .00000030  00000-0  15091-4 0  9229
TLE2=2 29479  98.0830 218.6174 0014264 249.1404 110.8271 14.62912111152827
