VERSION=1.1
NAME=GPS BIIRM-2 (PRN 31)
NICKNAME=GPS BIIRM-2 (PRN 31)
TLE1=1 29486U 06042A   09214.53111020 -.00000054  00000-0  10000-3 0  4966
TLE2=2 29486  55.7951  36.1801 0071903 293.6183  65.6678  2.00554989 20949
