VERSION=1.1
NAME=M-V-7 R/B
NICKNAME=M-V-7 R/B
TLE1=1 29480U 06041B   09214.94626057  .00062944  43491-5  12495-3 0  9310
TLE2=2 29480  98.2759  46.8161 0070311 307.3864  52.1039 15.95508525162581
