VERSION=1.1
NAME=DIRECTV 9S
NICKNAME=DIRECTV 9S
TLE1=1 29494U 06043A   09215.36580538 -.00000119  00000-0  00000+0 0  5353
TLE2=2 29494   0.0344 284.3374 0002835 203.3840 214.9246  1.00271802 10314
