VERSION=1.1
NAME=OPTUS D1
NICKNAME=OPTUS D1
TLE1=1 29495U 06043B   09215.45967596 -.00000116  00000-0  10000-3 0  4055
TLE2=2 29495   0.0335 247.5720 0003278 237.2233 152.8275  1.00271471 10353
