VERSION=1.1
NAME=METOP-A
NICKNAME=METOP-A
TLE1=1 29499U 06044A   09215.83357368 -.00000141  00000-0 -44526-4 0  8742
TLE2=2 29499  98.6832 275.2363 0001028  98.7843 261.3405 14.21498215144781
