VERSION=1.1
NAME=SJ-6C
NICKNAME=SJ-6C
TLE1=1 29505U 06046A   09215.76900493 -.00000262  00000-0 -21286-4 0  1269
TLE2=2 29505  97.6884 221.3653 0001892 294.5721  65.5314 14.90659449151177
