VERSION=1.1
NAME=CZ-4B R/B
NICKNAME=CZ-4B R/B
TLE1=1 29507U 06046C   09215.06005441  .00000358  00000-0  39742-4 0  9070
TLE2=2 29507  97.6553 218.7875 0044865 153.3818 206.9617 14.92439800151248
