VERSION=1.1
NAME=SJ-6D
NICKNAME=SJ-6D
TLE1=1 29506U 06046B   09215.76193926 -.00000292  00000-0 -24733-4 0  1189
TLE2=2 29506  97.6904 220.4254 0002215   9.3940 350.7319 14.89965320151106
