VERSION=1.1
NAME=BADR-4 (ARABSAT-4B)
NICKNAME=BADR-4 (ARABSAT-4B)
TLE1=1 29526U 06051A   09214.73567148  .00000139  00000-0  10000-3 0  4883
TLE2=2 29526   0.0534  23.5343 0004143  68.2707 150.4826  1.00270666 10094
