VERSION=1.1
NAME=XM-4 (BLUES)
NICKNAME=XM-4 (BLUES)
TLE1=1 29520U 06049A   09214.35986589 -.00000030  00000-0  10000-3 0  3998
TLE2=2 29520   0.0116  44.3945 0000370   4.1017 277.1445  1.00272400 10209
