VERSION=1.1
NAME=GPS BIIRM-3 (PRN 12)
NICKNAME=GPS BIIRM-3 (PRN 12)
TLE1=1 29601U 06052A   09213.97815659 -.00000047  00000-0  10000-3 0  5178
TLE2=2 29601  55.4347  96.6022 0032060 326.7825  33.0826  2.00570114 19841
