VERSION=1.1
NAME=MEASAT-3
NICKNAME=MEASAT-3
TLE1=1 29648U 06056A   09215.69519403 -.00000246  00000-0  10000-3 0  4734
TLE2=2 29648   0.0132  74.6454 0002670  25.2443 194.2606  1.00270048  9786
