VERSION=1.1
NAME=WILDBLUE-1
NICKNAME=WILDBLUE-1
TLE1=1 29643U 06054A   09212.46803924 -.00000055  00000-0  10000-3 0  4584
TLE2=2 29643   0.0274 231.8028 0002995 265.7654 229.0193  1.00272808  9736
