VERSION=1.1
NAME=FENGYUN 2D
NICKNAME=FENGYUN 2D
TLE1=1 29640U 06053A   09215.69863406 -.00000202  00000-0  10000-3 0  7160
TLE2=2 29640   0.2001 226.7716 0000821  50.9056  12.7531  1.00269295  9779
