VERSION=1.1
NAME=AMC-18
NICKNAME=AMC-18
TLE1=1 29644U 06054B   09215.50424109 -.00000094  00000-0  00000+0 0  4798
TLE2=2 29644   0.0345 265.7067 0003124 210.0343 273.0252  1.00272002  9773
