VERSION=1.1
NAME=SL-8 R/B
NICKNAME=SL-8 R/B
TLE1=1 29659U 06060B   09215.33591626  .00000599  00000-0  24119-4 0  7694
TLE2=2 29659  98.0785 318.3873 0039594  75.8903 284.6727 15.28790678146230
