VERSION=1.1
NAME=TRANSIT 17
NICKNAME=TRANSIT 17
TLE1=1 02965U 67092A   09213.87507702  .00000077  00000-0  10000-3 0  5621
TLE2=2 02965  89.2595 119.4495 0047094 299.9904  59.6577 13.52426317 63294
