VERSION=1.1
NAME=KIKU-8 (ETS-VIII)
NICKNAME=KIKU-8 (ETS-VIII)
TLE1=1 29656U 06059A   09212.49491666 -.00000242  00000-0  10000-3 0  4243
TLE2=2 29656   0.0272 343.2508 0000272 134.5994 155.5200  1.00264515  9643
