VERSION=1.1
NAME=SAR-LUPE 1
NICKNAME=SAR-LUPE 1
TLE1=1 29658U 06060A   09215.89664046  .00000597  00000-0  26072-4 0  9354
TLE2=2 29658  98.1328 319.7220 0021622  95.0552  22.2735 15.26483465146204
