VERSION=1.1
NAME=GENESAT-1
NICKNAME=GENESAT-1
TLE1=1 29655U 06058C   09215.49704309  .00008165  00000-0  78716-4 0  7732
TLE2=2 29655  40.0231 246.6804 0001301 147.2390 212.8506 15.66501286149895
