VERSION=1.1
NAME=COSMOS 2424 (715)
NICKNAME=COSMOS 2424 (715)
TLE1=1 29672U 06062C   09214.99236622 -.00000015  00000-0  10000-3 0  7590
TLE2=2 29672  65.4137  41.3724 0016729 161.2491 341.4592  2.13103627 20267
