VERSION=1.1
NAME=COSMOS 2425 (716)
NICKNAME=COSMOS 2425 (716)
TLE1=1 29670U 06062A   09214.91539821 -.00000015  00000-0  10000-3 0  7373
TLE2=2 29670  65.4130  41.3705 0022985 355.6720  41.5414  2.13103141 20264
