VERSION=1.1
NAME=COROT
NICKNAME=COROT
TLE1=1 29678U 06063A   09215.50242079  .00000016  00000-0  36661-5 0  8592
TLE2=2 29678  89.9258  11.6870 0005623  26.5637 333.5815 13.98097057132725
