VERSION=1.1
NAME=COSMOS 2426 (717)
NICKNAME=COSMOS 2426 (717)
TLE1=1 29671U 06062B   09215.29492788 -.00000015  00000-0  10000-3 0  7433
TLE2=2 29671  65.4293  41.3878 0019051 163.2846  31.3466  2.13103621 20276
