VERSION=1.1
NAME=LAPAN-TUBSAT
NICKNAME=LAPAN-TUBSAT
TLE1=1 29709U 07001A   09215.78961247 -.00000020  00000-0  40795-5 0  8459
TLE2=2 29709  97.8090 270.1323 0014441 125.3892 234.8665 14.80258665138522
