VERSION=1.1
NAME=CARTOSAT-2 (IRS-P7)
NICKNAME=CARTOSAT-2 (IRS-P7)
TLE1=1 29710U 07001B   09215.75615134  .00000030  00000-0  10953-4 0  8473
TLE2=2 29710  97.8778 275.3202 0000545 143.9655 216.1584 14.78672688138416
