VERSION=1.1
NAME=PEHUENSAT 1
NICKNAME=PEHUENSAT 1
TLE1=1 29712U 07001D   09215.72931439  .00000392  00000-0  57621-4 0  7092
TLE2=2 29712  97.8270 270.9986 0015336 118.0328 242.2434 14.80618756138502
