VERSION=1.1
NAME=ATS 3
NICKNAME=ATS 3
TLE1=1 03029U 67111A   09213.31411679 -.00000094  00000-0  10000-3 0  4934
TLE2=2 03029   9.3687 317.7726 0015102  43.8054 316.4247  1.00272359152830
