VERSION=1.1
NAME=BEIDOU 1D
NICKNAME=BEIDOU 1D
TLE1=1 30323U 07003A   09215.38954155 -.00000105  00000-0  10000-3 0  7379
TLE2=2 30323   4.1120 275.5108 0066681 311.6857 151.0909  0.99034577  9601
