VERSION=1.1
NAME=THEMIS B
NICKNAME=THEMIS B
TLE1=1 30581U 07004B   09213.87500000 -.00003005  00000-0  00000-0 0  2692
TLE2=2 30581  10.0251  11.2343 9173627 317.6080   0.8833  0.25442463  6178
