VERSION=1.1
NAME=THEMIS A
NICKNAME=THEMIS A
TLE1=1 30580U 07004A   09214.41666667 -.00000379  00000-0  10000-3 0  4758
TLE2=2 30580   9.2306 244.0608 7883204 120.2356 346.8360  0.87652193  8608
