VERSION=1.1
NAME=THEMIS C
NICKNAME=THEMIS C
TLE1=1 30582U 07004C   09212.20833333 -.00000888  00000-0  00000-0 0  4369
TLE2=2 30582   8.4751 343.0606 8565910 356.1431 356.7334  0.50399493  5181
