VERSION=1.1
NAME=FALCONSAT-3
NICKNAME=FALCONSAT-3
TLE1=1 30776U 07006E   09214.92203905  .00000194  00000-0  17052-4 0  6262
TLE2=2 30776  35.4327 175.8557 0001826 325.0214  35.0387 15.03278324132132
