VERSION=1.1
NAME=CFESAT
NICKNAME=CFESAT
TLE1=1 30777U 07006F   09215.21080376  .00000220  00000-0  19189-4 0  6332
TLE2=2 30777  35.4316 178.1532 0003923 295.7327  64.2984 15.02781735132139
