VERSION=1.1
NAME=ATLAS 5 CENTAUR R/B
NICKNAME=ATLAS 5 CENTAUR R/B
TLE1=1 30778U 07006G   09215.85099674  .00000431  00000-0  24793-4 0  6425
TLE2=2 30778  35.7040  88.1865 0031982 314.3338  45.4792 15.15712820133336
