VERSION=1.1
NAME=MIDSTAR-1
NICKNAME=MIDSTAR-1
TLE1=1 30773U 07006B   09215.11209862 -.00000304  00000-0  00000+0 0  6847
TLE2=2 30773  46.0315 107.6558 0008363  72.9699 287.2177 15.23790589133892
