VERSION=1.1
NAME=THEMIS D
NICKNAME=THEMIS D
TLE1=1 30797U 07004D   09215.41666667 -.00000293  00000-0  00000+0 0  6201
TLE2=2 30797   4.0343 243.2718 7496613 121.3299 350.4782  1.00273337  8229
