VERSION=1.1
NAME=SKYNET 5A
NICKNAME=SKYNET 5A
TLE1=1 30794U 07007B   09212.60541000 -.00000018  00000-0  10000-3 0  3872
TLE2=2 30794   0.0696   7.1425 0003531 117.0448  41.9559  1.00270540  8934
