VERSION=1.1
NAME=THEMIS E
NICKNAME=THEMIS E
TLE1=1 30798U 07004E   09215.45833333 -.00000308  00000-0  00000+0 0  6366
TLE2=2 30798   4.5735 242.6401 7493478 121.9358 351.4242  1.00276927  8365
