VERSION=1.1
NAME=INSAT-4B
NICKNAME=INSAT-4B
TLE1=1 30793U 07007A   09215.78191661 -.00000263  00000-0  10000-3 0  4375
TLE2=2 30793   0.0765 257.1367 0005470 220.9926 209.3297  1.00271703  8796
