VERSION=1.1
NAME=ANIK F3
NICKNAME=ANIK F3
TLE1=1 31102U 07009A   09214.46615714 -.00000006  00000-0  10000-3 0  3628
TLE2=2 31102   0.0093 257.4158 0002314 216.5039 246.3729  1.00270740  8540
