VERSION=1.1
NAME=HAIYANG-1B
NICKNAME=HAIYANG-1B
TLE1=1 31113U 07010A   09215.81811978 -.00000030  00000-0  53105-5 0  5884
TLE2=2 31113  98.5422 288.5144 0012662 287.1621  72.8162 14.29429156120740
