VERSION=1.1
NAME=SAUDICOMSAT 7
NICKNAME=SAUDICOMSAT 7
TLE1=1 31119U 07012C   09215.19573550  .00000386  00000-0  88724-4 0  7007
TLE2=2 31119  97.9919 275.7958 0063223 110.1235 250.6746 14.59448818122358
