VERSION=1.1
NAME=CZ-2C R/B
NICKNAME=CZ-2C R/B
TLE1=1 31114U 07010B   09215.16046825 -.00000029  00000-0  51953-5 0  6152
TLE2=2 31114  98.2659 249.5394 0059448 295.3040  64.1993 14.18631560119817
