VERSION=1.1
NAME=SAUDISAT 3
NICKNAME=SAUDISAT 3
TLE1=1 31118U 07012B   09215.87017328 -.00000040  00000-0  13405-5 0  5693
TLE2=2 31118  98.0087 288.4035 0016803  82.9337 277.3758 14.68020193123175
