VERSION=1.1
NAME=SAUDICOMSAT 6
NICKNAME=SAUDICOMSAT 6
TLE1=1 31121U 07012E   09215.20559073  .00000366  00000-0  89075-4 0  7026
TLE2=2 31121  97.9876 271.6613 0080209 122.4302 238.4677 14.56323553122105
