VERSION=1.1
NAME=SAUDICOMSAT 5
NICKNAME=SAUDICOMSAT 5
TLE1=1 31124U 07012H   09215.79754468  .00000400  00000-0  89121-4 0  7096
TLE2=2 31124  97.9949 278.6287 0054729 102.3129 258.4171 14.61031257122570
