VERSION=1.1
NAME=LIBERTAD-1
NICKNAME=LIBERTAD-1
TLE1=1 31128U 07012M   09215.14721175 -.00000046  00000-0  00000+0 0  6942
TLE2=2 31128  97.9858 265.8553 0103540 139.5453 221.3507 14.52061421121718
