VERSION=1.1
NAME=SAUDICOMSAT 3
NICKNAME=SAUDICOMSAT 3
TLE1=1 31125U 07012J   09215.79776171  .00000410  00000-0  88749-4 0  7133
TLE2=2 31125  97.9987 280.7363 0046341  96.9052 263.7387 14.62572051122702
