VERSION=1.1
NAME=POLYSAT CP3
NICKNAME=POLYSAT CP3
TLE1=1 31129U 07012N   09215.71648209  .00000050  00000-0  22058-4 0  1044
TLE2=2 31129  97.9865 266.5126 0103497 137.4358 223.4920 14.52151662121789
