VERSION=1.1
NAME=MAST
NICKNAME=MAST
TLE1=1 31126U 07012K   09214.70828791  .00000042  00000-0  19840-4 0  6530
TLE2=2 31126  97.9854 267.3764 0095415 135.0221 225.8752 14.53510048121792
