VERSION=1.1
NAME=CSTB1
NICKNAME=CSTB1
TLE1=1 31122U 07012F   09215.65383811  .00000555  00000-0  13192-3 0  6981
TLE2=2 31122  97.9914 270.6995 0086573 125.5046 235.4259 14.55264951122063
