VERSION=1.1
NAME=SAUDICOMSAT 4
NICKNAME=SAUDICOMSAT 4
TLE1=1 31127U 07012L   09215.22402432  .00000381  00000-0  89803-4 0  7060
TLE2=2 31127  97.9911 273.8833 0071463 116.0973 244.7581 14.57968809122232
