VERSION=1.1
NAME=CAPE1
NICKNAME=CAPE1
TLE1=1 31130U 07012P   09215.55103260 -.00000068  00000-0 -50315-5 0  6630
TLE2=2 31130  97.9846 266.2576 0104170 138.2218 222.6989 14.52076092121564
