VERSION=1.1
NAME=POLYSAT CP4
NICKNAME=POLYSAT CP4
TLE1=1 31132U 07012Q   09215.10890679 -.00000008  00000-0  83545-5 0  6689
TLE2=2 31132  97.9893 270.0770 0086504 127.2008 233.7126 14.55221740121855
