VERSION=1.1
NAME=NFIRE
NICKNAME=NFIRE
TLE1=1 31140U 07014A   09215.50382608  .00004012  00000-0  53707-4 0  8970
TLE2=2 31140  48.2343 312.2078 0052214 256.7205 102.7914 15.58969760129618
