VERSION=1.1
NAME=ASTRA 1L
NICKNAME=ASTRA 1L
TLE1=1 31306U 07016A   09206.00000000  .00000106  00000-0  00000-0 0  2826
TLE2=2 31306   0.0840 260.3860 0001000  95.1440 326.5240  1.00264764  8196
