VERSION=1.1
NAME=AIM
NICKNAME=AIM
TLE1=1 31304U 07015A   09215.83953106  .00000644  00000-0  68748-4 0  7759
TLE2=2 31304  97.8015 316.0334 0013007  65.9361 294.3216 14.92162689123904
