VERSION=1.1
NAME=GALAXY 17 (G-17)
NICKNAME=GALAXY 17 (G-17)
TLE1=1 31307U 07016B   09215.40000000 -.00000180  00000-0  00000+0 0  3947
TLE2=2 31307   0.0470  51.9660 0002897  85.1150 228.0240  1.00273155  8291
