VERSION=1.1
NAME=TRANSIT 18
NICKNAME=TRANSIT 18
TLE1=1 03133U 68012A   09214.68340479  .00000075  00000-0  10000-3 0  3354
TLE2=2 03133  89.9797 286.6271 0074597 187.5837 172.4192 13.50529018 38836
