VERSION=1.1
NAME=NIGCOMSAT 1
NICKNAME=NIGCOMSAT 1
TLE1=1 31395U 07018A   09215.67961499 -.00000142  00000-0  10000-3 0  5128
TLE2=2 31395   0.7217  80.2787 0003186 343.7374 211.4022  1.00345665  8281
