VERSION=1.1
NAME=GLOBALSTAR M065
NICKNAME=GLOBALSTAR M065
TLE1=1 31571U 07020A   09214.55137093 -.00000109  00000-0 -27791-4 0  6770
TLE2=2 31571  51.9905 238.9670 0001574 191.8178 168.2657 12.62258265101573
