VERSION=1.1
NAME=GLOBALSTAR M072
NICKNAME=GLOBALSTAR M072
TLE1=1 31574U 07020D   09214.72472603 -.00000089  00000-0  82229-4 0  6808
TLE2=2 31574  52.0113 284.5708 0000500 109.1883 250.9033 12.62256984100832
