VERSION=1.1
NAME=GLOBALSTAR M071
NICKNAME=GLOBALSTAR M071
TLE1=1 31576U 07020F   09215.44720086 -.00000086  00000-0  10000-3 0  3655
TLE2=2 31576  52.0044 192.0023 0000769  89.8610 270.2341 12.62267379102412
