VERSION=1.1
NAME=GLOBALSTAR M069
NICKNAME=GLOBALSTAR M069
TLE1=1 31573U 07020C   09214.37814406 -.00000086  00000-0  10000-3 0  3518
TLE2=2 31573  51.9928 194.8363 0000391 330.2927  29.7914 12.62263671102289
