VERSION=1.1
NAME=SINOSAT 3
NICKNAME=SINOSAT 3
TLE1=1 31577U 07021A   09215.87570811 -.00000359  00000-0  10000-3 0  6299
TLE2=2 31577   0.0298 173.1065 0001812 290.4474 289.2787  1.00270777  8001
