VERSION=1.1
NAME=COSMO-SKYMED 1
NICKNAME=COSMO-SKYMED 1
TLE1=1 31598U 07023A   09215.79074770  .00000034  00000-0  10761-4 0  4155
TLE2=2 31598  97.8659  43.7470 0001361  85.4276 274.7090 14.82169212116676
