VERSION=1.1
NAME=OFEQ 7
NICKNAME=OFEQ 7
TLE1=1 31601U 07025A   09215.74850694  .00001379  00000-0  39752-4 0  4383
TLE2=2 31601 141.7496  26.7553 0070627 189.1401 353.6883 15.19694593119660
