VERSION=1.1
NAME=TERRASAR-X
NICKNAME=TERRASAR-X
TLE1=1 31698U 07026A   09215.83002627 -.00000557  00000-0 -23317-4 0  3844
TLE2=2 31698  97.4459 222.5659 0001625  81.0037  42.8779 15.19144853118504
