VERSION=1.1
NAME=GENESIS 2
NICKNAME=GENESIS 2
TLE1=1 31789U 07028A   09214.52305978 -.00000006  00000-0  13132-4 0  5829
TLE2=2 31789  64.5083 238.0026 0057375 255.3646 104.1105 15.03062320115095
