VERSION=1.1
NAME=SL-16 R/B
NICKNAME=SL-16 R/B
TLE1=1 31793U 07029B   09215.74471742 -.00000292  00000-0 -12821-3 0  6173
TLE2=2 31793  70.9792 304.8760 0002287 267.8596  92.2261 14.14044850108337
