VERSION=1.1
NAME=COSMOS 2428
NICKNAME=COSMOS 2428
TLE1=1 31792U 07029A   09215.69492079 -.00000334  00000-0 -15521-3 0  3402
TLE2=2 31792  71.0017 311.8685 0010710 299.2109  60.7951 14.12390663108207
