VERSION=1.1
NAME=SAR-LUPE 2
NICKNAME=SAR-LUPE 2
TLE1=1 31797U 07030A   09215.82370587  .00000378  00000-0  17790-4 0  3398
TLE2=2 31797  98.1686  29.6095 0015015  49.8882  62.2672 15.26484431116415
