VERSION=1.1
NAME=ZHONGXING-6B
NICKNAME=ZHONGXING-6B
TLE1=1 31800U 07031A   09215.80044622 -.00000366  00000-0  10000-3 0  5846
TLE2=2 31800   0.0143 100.9018 0002613  44.1157 211.1714  1.00272235  7685
