VERSION=1.1
NAME=DIRECTV 10
NICKNAME=DIRECTV 10
TLE1=1 31862U 07032A   09214.69994240 -.00000108  00000-0  10000-3 0  3540
TLE2=2 31862   0.0150 279.6774 0000199 180.1864   0.7435  1.00271115  7618
