VERSION=1.1
NAME=BSAT-3A
NICKNAME=BSAT-3A
TLE1=1 32019U 07036B   09215.60665685 -.00000355  00000-0  10000-3 0  2991
TLE2=2 32019   0.0538 241.8754 0005850 271.9467 126.7484  1.00269691  7270
