VERSION=1.1
NAME=SPACEWAY 3
NICKNAME=SPACEWAY 3
TLE1=1 32018U 07036A   09213.46030767 -.00000157  00000-0  00000+0 0  2860
TLE2=2 32018   0.0031 313.3448 0000417 341.8052  85.7826  1.00271336  7322
