VERSION=1.1
NAME=INSAT-4CR
NICKNAME=INSAT-4CR
TLE1=1 32050U 07037A   09212.67282455 -.00000082  00000-0  10000-3 0  4316
TLE2=2 32050   0.0130 243.0236 0004509 235.2499 147.3442  1.00272243  7045
