VERSION=1.1
NAME=COSMOS 2429
NICKNAME=COSMOS 2429
TLE1=1 32052U 07038A   09215.13432562  .00000130  00000-0  11988-3 0  5993
TLE2=2 32052  82.9767  65.3854 0039004 154.8958 205.4103 13.74694400 95018
