VERSION=1.1
NAME=WORLDVIEW-1 (WV-1)
NICKNAME=WORLDVIEW-1 (WV-1)
TLE1=1 32060U 07041A   09215.87659566  .00000322  00000-0  15987-4 0   994
TLE2=2 32060  97.4278 292.9339 0001602  61.5863  50.9939 15.24452312104352
