VERSION=1.1
NAME=CBERS 2B
NICKNAME=CBERS 2B
TLE1=1 32062U 07042A   09215.86151302 -.00000019  00000-0  79419-5 0   985
TLE2=2 32062  98.4816 291.3665 0026602 205.0684 154.9198 14.38433474 98267
