VERSION=1.1
NAME=INTELSAT 11 (IS-11)
NICKNAME=INTELSAT 11 (IS-11)
TLE1=1 32253U 07044B   09215.92908046 -.00000273  00000-0  10000-3 0  2579
TLE2=2 32253   0.0140  82.5053 0002113  94.0826  67.4981  1.00271358  6740
