VERSION=1.1
NAME=OPTUS D2
NICKNAME=OPTUS D2
TLE1=1 32252U 07044A   09213.14561662 -.00000188  00000-0  10000-3 0  3676
TLE2=2 32252   0.0470 246.0518 0002880 230.3120  37.9349  1.00272114  6720
