VERSION=1.1
NAME=GLOBALSTAR M066
NICKNAME=GLOBALSTAR M066
TLE1=1 32265U 07048C   09215.50647929 -.00000104  00000-0  00000+0 0  6369
TLE2=2 32265  51.9693  10.6888 0001110 124.0235 236.0739 12.62262478 84826
