VERSION=1.1
NAME=GPS BIIRM-4 (PRN 15)
NICKNAME=GPS BIIRM-4 (PRN 15)
TLE1=1 32260U 07047A   09215.27119294 -.00000110  00000-0  00000+0 0  2820
TLE2=2 32260  54.7823 335.3665 0014767 332.2222  27.7061  2.00568109 13262
