VERSION=1.1
NAME=GLOBALSTAR M067
NICKNAME=GLOBALSTAR M067
TLE1=1 32263U 07048A   09215.56087364 -.00000104  00000-0  00000+0 0  6308
TLE2=2 32263  51.9760  55.6023 0001675  48.9668 311.1343 12.62257776 84112
