VERSION=1.1
NAME=GLOBALSTAR M068
NICKNAME=GLOBALSTAR M068
TLE1=1 32266U 07048D   09215.80862800 -.00000086  00000-0  10000-3 0  6465
TLE2=2 32266  51.9873 325.7140 0000888  93.7306 266.3658 12.62260689 85627
