VERSION=1.1
NAME=GLOBALSTAR M070
NICKNAME=GLOBALSTAR M070
TLE1=1 32264U 07048B   09215.31370321 -.00000086  00000-0  10000-3 0  5796
TLE2=2 32264  51.9759 146.4149 0000921  65.2608 294.8353 12.62260320 82573
