VERSION=1.1
NAME=COSMOS 2433 (720)
NICKNAME=COSMOS 2433 (720)
TLE1=1 32275U 07052A   09214.78247325 -.00000010  00000-0  00000-0 0  4893
TLE2=2 32275  64.8779 161.9960 0004706 272.5786 216.1480  2.13102378 13775
