VERSION=1.1
NAME=COSMOS 2431 (718)
NICKNAME=COSMOS 2431 (718)
TLE1=1 32277U 07052C   09215.17467788 -.00000010  00000-0  00000+0 0  4794
TLE2=2 32277  64.8933 162.0017 0018621 198.0731 321.3916  2.13102324 13861
