VERSION=1.1
NAME=COSMOS 2432 (719)
NICKNAME=COSMOS 2432 (719)
TLE1=1 32276U 07052B   09215.26281911 -.00000010  00000-0  10000-3 0  4699
TLE2=2 32276  64.8916 162.0038 0015816 333.0770 118.6336  2.13102141 13782
