VERSION=1.1
NAME=SAR-LUPE 3
NICKNAME=SAR-LUPE 3
TLE1=1 32283U 07053A   09215.88555713  .00000415  00000-0  19208-4 0  9727
TLE2=2 32283  98.1169  91.0331 0010751 148.8100 267.1167 15.26435128 97932
