VERSION=1.1
NAME=SKYNET 5B
NICKNAME=SKYNET 5B
TLE1=1 32294U 07056B   09215.80844742  .00000095  00000-0  10000-3 0  3398
TLE2=2 32294   0.0710 359.2771 0004397 141.2531 155.7190  1.00272124  6456
