VERSION=1.1
NAME=STAR ONE C1
NICKNAME=STAR ONE C1
TLE1=1 32293U 07056A   09215.31893101 -.00000282  00000-0  10000-3 0  2585
TLE2=2 32293   0.0268  98.0314 0002430  19.4301 244.3791  1.00271684  6374
