VERSION=1.1
NAME=SIRIUS 4
NICKNAME=SIRIUS 4
TLE1=1 32299U 07057A   09212.59737781  .00000027  00000-0  10000-3 0  2351
TLE2=2 32299   0.0300 215.1080 0002277 261.3329  52.7546  1.00272767  6277
