VERSION=1.1
NAME=COSMO-SKYMED 2
NICKNAME=COSMO-SKYMED 2
TLE1=1 32376U 07059A   09215.82450975 -.00000020  00000-0  39770-5 0  8363
TLE2=2 32376  97.8659  43.7804 0001442  81.7330 278.4048 14.82168435 89424
