VERSION=1.1
NAME=RADUGA-1M 1
NICKNAME=RADUGA-1M 1
TLE1=1 32373U 07058A   09215.08544571 -.00000044  00000-0  10000-3 0  4919
TLE2=2 32373   0.0160 272.9292 0002187 234.7657 264.8471  1.00271840  6946
