VERSION=1.1
NAME=RADARSAT-2
NICKNAME=RADARSAT-2
TLE1=1 32382U 07061A   09215.75562500  .00000075  00000-0  45914-4 0  8111
TLE2=2 32382  98.5789 222.7262 0001188  85.6576 268.8983 14.29981385 85483
