VERSION=1.1
NAME=GPS BIIRM-5 (PRN 29)
NICKNAME=GPS BIIRM-5 (PRN 29)
TLE1=1 32384U 07062A   09215.10355853 -.00000022  00000-0  10000-3 0  3063
TLE2=2 32384  55.0078 157.7319 0036231 283.0074  76.5625  2.00566669 11989
