VERSION=1.1
NAME=RASCOM-QAF 1
NICKNAME=RASCOM-QAF 1
TLE1=1 32387U 07063A   09214.58903497  .00000012  00000-0  10000-3 0  2091
TLE2=2 32387   0.0459 104.8704 0003533 328.3679  92.9264  1.00271336  6392
