VERSION=1.1
NAME=HORIZONS 2
NICKNAME=HORIZONS 2
TLE1=1 32388U 07063B   09215.43159245 -.00000258  00000-0  10000-3 0  2500
TLE2=2 32388   0.0155 303.7602 0002869 189.0358 260.6546  1.00271410  6097
