VERSION=1.1
NAME=COSMOS 2434 (721)
NICKNAME=COSMOS 2434 (721)
TLE1=1 32393U 07065A   09214.70702130 -.00000016  00000-0  00000+0 0  3232
TLE2=2 32393  65.0313  41.8841 0006255 113.0091 213.8760  2.13103138 12472
