VERSION=1.1
NAME=COSMOS 2436 (723)
NICKNAME=COSMOS 2436 (723)
TLE1=1 32395U 07065C   09215.10116962 -.00000016  00000-0  10000-3 0  2954
TLE2=2 32395  65.0451  41.8744 0017862   1.9410 358.1199  2.13103411 12423
