VERSION=1.1
NAME=COSMOS 2435 (722)
NICKNAME=COSMOS 2435 (722)
TLE1=1 32394U 07065B   09214.51505758 -.00000017  00000-0  00000+0 0  2824
TLE2=2 32394  65.0324  41.8937 0004409  82.8187 277.2854  2.13103362 12410
