VERSION=1.1
NAME=THURAYA-3
NICKNAME=THURAYA-3
TLE1=1 32404U 08001A   09214.84876682 -.00000301  00000-0  10000-3 0  2865
TLE2=2 32404   5.5960 331.2943 0004869 156.4419 228.0045  1.00271047  5741
