VERSION=1.1
NAME=EXPRESS-AM 33
NICKNAME=EXPRESS-AM 33
TLE1=1 32478U 08003A   09213.60220049 -.00000286  00000-0  10000-3 0  3910
TLE2=2 32478   0.0135 204.4872 0001308  23.1213  35.9921  1.00271325  5832
