VERSION=1.1
NAME=THOR 5
NICKNAME=THOR 5
TLE1=1 32487U 08006A   09212.62839299 -.00000014  00000-0  10000-3 0  2230
TLE2=2 32487   0.0135 215.9299 0002038 256.9408  61.9468  1.00272733  5373
