VERSION=1.1
NAME=KIZUNA (WINDS)
NICKNAME=KIZUNA (WINDS)
TLE1=1 32500U 08007A   09215.58242485 -.00000264  00000-0  10000-3 0  1876
TLE2=2 32500   0.0794 267.4032 0003797 195.7626 201.7761  1.00270863  5330
