VERSION=1.1
NAME=AMC-14
NICKNAME=AMC-14
TLE1=1 32708U 08011A   09214.97872216  .00000152  00000-0  10000-3 0  4647
TLE2=2 32708  13.4066 116.9950 0053174 359.6778 221.8477  1.00276357  6376
