VERSION=1.1
NAME=GPS BIIRM-6 (PRN 07)
NICKNAME=GPS BIIRM-6 (PRN 07)
TLE1=1 32711U 08012A   09214.19647788 -.00000056  00000-0  10000-3 0  1977
TLE2=2 32711  55.4724  36.2997 0027995 169.8526 190.2498  2.00565297 10176
