VERSION=1.1
NAME=DIRECTV 11
NICKNAME=DIRECTV 11
TLE1=1 32729U 08013A   09214.72297531 -.00000131  00000-0  10000-3 0  2811
TLE2=2 32729   0.0125 210.6892 0000228 226.5683  35.2023  1.00271828  5149
