VERSION=1.1
NAME=SAR-LUPE 4
NICKNAME=SAR-LUPE 4
TLE1=1 32750U 08014A   09215.88987485  .00000450  00000-0  20564-4 0  5136
TLE2=2 32750  98.1284 320.7605 0020182 264.9592 244.1498 15.26438419 75382
