VERSION=1.1
NAME=ICO G1
NICKNAME=ICO G1
TLE1=1 32763U 08016A   09214.67910882 -.00000170  00000-0  10000-3 0  2955
TLE2=2 32763   5.4585 329.4668 0002994 151.3955 342.1428  1.00270910  4807
