VERSION=1.1
NAME=C/NOFS
NICKNAME=C/NOFS
TLE1=1 32765U 08017A   09215.04385800  .00002109  00000-0  60725-4 0  3499
TLE2=2 32765  13.0096 125.2442 0314049 355.6432   4.1208 14.81461562 70272
