VERSION=1.1
NAME=STAR ONE C2
NICKNAME=STAR ONE C2
TLE1=1 32768U 08018B   09215.45436227 -.00000270  00000-0  10000-3 0  1955
TLE2=2 32768   0.0161 128.6118 0002425   0.0028 277.1046  1.00274113  4860
