VERSION=1.1
NAME=VINASAT-1
NICKNAME=VINASAT-1
TLE1=1 32767U 08018A   09214.76233872 -.00000334  00000-0  10000-3 0  2691
TLE2=2 32767   0.0347 292.7317 0001845 186.9232 238.1955  1.00271207  4817
