VERSION=1.1
NAME=TIANLIAN I (CTDRS-1)
NICKNAME=TIANLIAN I (CTDRS-1)
TLE1=1 32779U 08019A   09214.78756377 -.00000111  00000-0  10000-3 0  4063
TLE2=2 32779   0.1543 262.5687 0006281 215.1719 194.2458  1.00272072  4673
