VERSION=1.1
NAME=IMS-1
NICKNAME=IMS-1
TLE1=1 32786U 08021D   09215.22554597  .00000301  00000-0  46690-4 0  4441
TLE2=2 32786  97.9452 277.9280 0011663 233.7710 126.2418 14.80055079 68343
