VERSION=1.1
NAME=AAUSAT-II
NICKNAME=AAUSAT-II
TLE1=1 32788U 08021F   09215.74519664  .00000225  00000-0  35249-4 0  4236
TLE2=2 32788  97.9369 279.2251 0014356 238.3848 121.5960 14.81759106 68499
