VERSION=1.1
NAME=GIOVE-B
NICKNAME=GIOVE-B
TLE1=1 32781U 08020A   09215.34721742  .00000041  00000-0  10000-3 0  1988
TLE2=2 32781  55.9464 190.9919 0020865 221.2467 138.5622  1.70949966  7936
