VERSION=1.1
NAME=NTS (CANX-6)
NICKNAME=NTS (CANX-6)
TLE1=1 32784U 08021B   09215.87504521  .00000121  00000-0  22417-4 0  4409
TLE2=2 32784  97.9441 279.2244 0015036 229.0585 130.9331 14.81064526 68489
