VERSION=1.1
NAME=CUTE-1.7+APD II
NICKNAME=CUTE-1.7+APD II
TLE1=1 32785U 08021C   09215.20064630  .00000027  00000-0  10314-4 0  4351
TLE2=2 32785  97.9418 278.7715 0013993 237.9388 122.0460 14.81504058 68406
