VERSION=1.1
NAME=DELFI-C3
NICKNAME=DELFI-C3
TLE1=1 32789U 08021G   09215.76709195  .00000362  00000-0  52606-4 0  4372
TLE2=2 32789  97.9447 279.4421 0014624 235.1345 124.8489 14.81758604 68497
