VERSION=1.1
NAME=CARTOSAT-2A
NICKNAME=CARTOSAT-2A
TLE1=1 32783U 08021A   09215.85377782 -.00000023  00000-0  39950-5 0  4158
TLE2=2 32783  97.9446 277.7134 0014267 258.5842 101.3746 14.78676888 68378
