VERSION=1.1
NAME=COMPASS-1
NICKNAME=COMPASS-1
TLE1=1 32787U 08021E   09214.90333625  .00000133  00000-0  23702-4 0  4265
TLE2=2 32787  97.9396 278.3265 0014783 238.9302 121.0449 14.81634978 68360
