VERSION=1.1
NAME=AMOS 3
NICKNAME=AMOS 3
TLE1=1 32794U 08022A   09213.61636545 -.00000039  00000-0  10000-3 0  1740
TLE2=2 32794   0.0229 237.8464 0000999 314.5525 335.8451  1.00272394  4647
