VERSION=1.1
NAME=CANX-2
NICKNAME=CANX-2
TLE1=1 32790U 08021H   09215.20365686  .00000042  00000-0  12202-4 0  4223
TLE2=2 32790  97.9413 278.7404 0014542 237.1518 122.8294 14.81490569 68381
