VERSION=1.1
NAME=SEEDS II
NICKNAME=SEEDS II
TLE1=1 32791U 08021J   09215.22176902  .00000204  00000-0  32851-4 0  4195
TLE2=2 32791  97.9402 278.6750 0014976 236.9060 123.0715 14.81461073 68371
