VERSION=1.1
NAME=GALAXY 18 (G-18)
NICKNAME=GALAXY 18 (G-18)
TLE1=1 32951U 08024A   09212.46832556  .00000020  00000-0  10000-3 0  1928
TLE2=2 32951   0.0167 104.1758 0003086  17.7074 232.9073  1.00272532  4399
