VERSION=1.1
NAME=FENGYUN 3A
NICKNAME=FENGYUN 3A
TLE1=1 32958U 08026A   09215.77202503  .00000167  00000-0  10000-3 0  3707
TLE2=2 32958  98.7670 286.7943 0001220  41.7521 318.3711 14.19592357 61535
