VERSION=1.1
NAME=CHINASAT 9
NICKNAME=CHINASAT 9
TLE1=1 33051U 08028A   09215.69519372 -.00000252  00000-0  10000-3 0  3469
TLE2=2 33051   0.0294  96.9356 0005946  24.5065 173.4045  1.00271483  4243
