VERSION=1.1
NAME=SKYNET 5C
NICKNAME=SKYNET 5C
TLE1=1 33055U 08030A   09212.79112138 -.00000145  00000-0  10000-3 0  1631
TLE2=2 33055   0.3330 181.0891 0002691 304.9065  90.4865  1.00269705  4219
