VERSION=1.1
NAME=FGRST (GLAST)
NICKNAME=FGRST (GLAST)
TLE1=1 33053U 08029A   09215.53545187  .00000278  00000-0  00000+0 0  3000
TLE2=2 33053  25.5860  27.5148 0013830 320.2033  39.7514 15.04944719 63021
