VERSION=1.1
NAME=TURKSAT 3A
NICKNAME=TURKSAT 3A
TLE1=1 33056U 08030B   09213.66164650  .00000141  00000-0  10000-3 0  2057
TLE2=2 33056   0.0290  77.5175 0006499  71.1124  81.9117  1.00275245  4272
