VERSION=1.1
NAME=ORBCOMM FM29 [S]
NICKNAME=ORBCOMM FM29 [S]
TLE1=1 33062U 08031C   09215.47726456 -.00000063  00000-0  22404-4 0  3578
TLE2=2 33062  48.4447 213.5799 0008380 247.8638 112.1383 14.68353472 60288
