VERSION=1.1
NAME=ORBCOMM FM40 [S]
NICKNAME=ORBCOMM FM40 [S]
TLE1=1 33065U 08031F   09215.44562702 -.00000020  00000-0  29890-4 0  3423
TLE2=2 33065  48.4468 214.2009 0009047 251.2638 108.7290 14.68125091 60277
