VERSION=1.1
NAME=ORBCOMM FM38 [S]
NICKNAME=ORBCOMM FM38 [S]
TLE1=1 33060U 08031A   09215.12959021 -.00000036  00000-0  26998-4 0  3734
TLE2=2 33060  48.4475 214.4140 0007230 251.6881 108.3244 14.68728617 60238
