VERSION=1.1
NAME=ORBCOMM FM37 [S]
NICKNAME=ORBCOMM FM37 [S]
TLE1=1 33064U 08031E   09215.18209743  .00000021  00000-0  36762-4 0  3534
TLE2=2 33064  48.4459 214.7052 0007836 249.1239 110.8837 14.68447628 60247
