VERSION=1.1
NAME=ORBCOMM FM41 [S]
NICKNAME=ORBCOMM FM41 [S]
TLE1=1 33061U 08031B   09215.48453951  .00000020  00000-0  36393-4 0  3793
TLE2=2 33061  48.4500 212.9475 0006198 246.3768 113.6493 14.68697182 60292
