VERSION=1.1
NAME=ORBCOMM FM39 [S]
NICKNAME=ORBCOMM FM39 [S]
TLE1=1 33063U 08031D   09215.51984815  .00000039  00000-0  40055-4 0  3742
TLE2=2 33063  48.4465 213.8043 0009958 243.2498 116.7394 14.68166614 60282
