VERSION=1.1
NAME=COSMOS 2440
NICKNAME=COSMOS 2440
TLE1=1 33108U 08033A   09214.73391215 -.00000143  00000-0  10000-3 0  3285
TLE2=2 33108   1.3732 289.5594 0001866 116.0869 250.1545  1.00274353  4020
