VERSION=1.1
NAME=JASON 2 (OSTM)
NICKNAME=JASON 2 (OSTM)
TLE1=1 33105U 08032A   09215.48791634 -.00000061  00000-0  00000+0 0  3849
TLE2=2 33105  66.0452 332.6406 0007819 265.6282  94.3836 12.80930640 52404
