VERSION=1.1
NAME=PROTOSTAR 1
NICKNAME=PROTOSTAR 1
TLE1=1 33153U 08034A   09213.65045282 -.00000298  00000-0  00000+0 0  2461
TLE2=2 33153   0.0138  70.1079 0002001  64.1434 148.5799  1.00270078  3942
