VERSION=1.1
NAME=BADR-6
NICKNAME=BADR-6
TLE1=1 33154U 08034B   09214.73567177  .00000139  00000-0  10000-3 0  2002
TLE2=2 33154   0.0472 315.2557 0001337 178.5949 108.4020  1.00273182  3974
