VERSION=1.1
NAME=ECHOSTAR 11
NICKNAME=ECHOSTAR 11
TLE1=1 33207U 08035A   09214.44991259 -.00000062  00000-0  10000-3 0  2435
TLE2=2 33207   0.0351 287.3612 0003241 196.2239 239.5388  1.00272462  3866
