VERSION=1.1
NAME=SAR-LUPE 5
NICKNAME=SAR-LUPE 5
TLE1=1 33244U 08036A   09215.89921296  .00000415  00000-0  19195-4 0  1571
TLE2=2 33244  98.1112  89.4545 0020513 314.6903 242.8628 15.26445087 57626
