VERSION=1.1
NAME=SUPERBIRD 7
NICKNAME=SUPERBIRD 7
TLE1=1 33274U 08038A   09215.56937360 -.00000258  00000-0  10000-3 0  2458
TLE2=2 33274   0.7346  80.8725 0005031  23.0741 197.0342  1.00273347  3597
