VERSION=1.1
NAME=INMARSAT 4-F3
NICKNAME=INMARSAT 4-F3
TLE1=1 33278U 08039A   09214.46168566 -.00000141  00000-0  10000-3 0  2715
TLE2=2 33278   3.0111 333.0819 0003084 151.8381 254.8288  1.00272063  3540
