VERSION=1.1
NAME=AMC-21
NICKNAME=AMC-21
TLE1=1 33275U 08038B   09214.41295164  .00000031  00000-0  10000-3 0  2022
TLE2=2 33275   0.0302 254.1881 0002618 225.0441 215.6332  1.00272662  3675
