VERSION=1.1
NAME=RAPIDEYE 2
NICKNAME=RAPIDEYE 2
TLE1=1 33312U 08040A   09215.85384940 -.00000030  00000-0  30015-5 0   654
TLE2=2 33312  97.9728 300.7459 0011593 324.2837  35.7588 14.79909732 50251
