VERSION=1.1
NAME=RAPIDEYE 4
NICKNAME=RAPIDEYE 4
TLE1=1 33316U 08040E   09215.82516673  .00000012  00000-0  85925-5 0   362
TLE2=2 33316  97.9710 300.1095 0011738 201.6080 158.4632 14.79908871 50194
