VERSION=1.1
NAME=RAPIDEYE 3
NICKNAME=RAPIDEYE 3
TLE1=1 33315U 08040D   09215.83907241 -.00000016  00000-0  48611-5 0   408
TLE2=2 33315  97.9711 300.2498 0011032 264.2988  95.6950 14.79910622 50205
