VERSION=1.1
NAME=RAPIDEYE 1
NICKNAME=RAPIDEYE 1
TLE1=1 33314U 08040C   09215.86722569 -.00000019  00000-0  46204-5 0  1060
TLE2=2 33314  97.9716 300.8644 0024557 332.1867  27.8029 14.79909820 50241
