VERSION=1.1
NAME=RAPIDEYE 5
NICKNAME=RAPIDEYE 5
TLE1=1 33313U 08040B   09215.87955097  .00000014  00000-0  89116-5 0   617
TLE2=2 33313  97.9731 300.1198 0018030 183.2031 176.9069 14.79905066 50205
