VERSION=1.1
NAME=HJ-1B
NICKNAME=HJ-1B
TLE1=1 33321U 08041B   09215.77861852  .00000033  00000-0  12683-4 0   391
TLE2=2 33321  97.9804 290.7091 0042078 301.8269  57.8844 14.75166582 48899
