VERSION=1.1
NAME=HJ-1A
NICKNAME=HJ-1A
TLE1=1 33320U 08041A   09215.88093582  .00000059  00000-0  16355-4 0   128
TLE2=2 33320  97.9794 290.8203 0023628 289.5999  70.2641 14.75161654 48927
