VERSION=1.1
NAME=GEOEYE 1
NICKNAME=GEOEYE 1
TLE1=1 33331U 08042A   09215.79312690 -.00000014  00000-0  62909-5 0    90
TLE2=2 33331  98.0973 289.8403 0009376 292.2464  67.7745 14.64420266 48440
