VERSION=1.1
NAME=COSMOS 2442 (724)
NICKNAME=COSMOS 2442 (724)
TLE1=1 33378U 08046A   09214.27412514 -.00000009  00000-0  10000-3 0  2609
TLE2=2 33378  64.7911 161.6525 0029406 332.4075 170.9998  2.13102239  6625
