VERSION=1.1
NAME=NIMIQ 4
NICKNAME=NIMIQ 4
TLE1=1 33373U 08044A   09214.22041201 -.00000226  00000-0  00000+0 0  1490
TLE2=2 33373   0.0053  13.6842 0002288  98.7352 195.8577  1.00272310  3211
