VERSION=1.1
NAME=COSMOS 2443 (725)
NICKNAME=COSMOS 2443 (725)
TLE1=1 33379U 08046B   09215.45679200 -.00000010  00000-0  10000-3 0  2532
TLE2=2 33379  64.7994 161.6478 0020908 188.4744   7.5894  2.13102437  6657
