VERSION=1.1
NAME=GALAXY 19 (G-19)
NICKNAME=GALAXY 19 (G-19)
TLE1=1 33376U 08045A   09215.47760315 -.00000144  00000-0  10000-3 0  1771
TLE2=2 33376   0.0200 150.2872 0003438 347.0302 249.6979  1.00272186  3183
