VERSION=1.1
NAME=COSMOS 2444 (726)
NICKNAME=COSMOS 2444 (726)
TLE1=1 33380U 08046C   09215.50767145 -.00000010  00000-0  10000-3 0  2514
TLE2=2 33380  64.8079 161.6554 0031128 326.2739 223.7461  2.13102706  6641
