VERSION=1.1
NAME=THEOS
NICKNAME=THEOS
TLE1=1 33396U 08049A   09215.84369902 -.00000044  00000-0  51000-9 0  2215
TLE2=2 33396  98.7421 282.5478 0001085  88.1924 271.9376 14.20017011 43547
