VERSION=1.1
NAME=COSMO-SKYMED 3
NICKNAME=COSMO-SKYMED 3
TLE1=1 33412U 08054A   09215.81183863  .00000004  00000-0  69943-5 0  8613
TLE2=2 33412  97.8657  43.7667 0001347  85.0940 275.0426 14.82169065 41880
