VERSION=1.1
NAME=VENESAT-1
NICKNAME=VENESAT-1
TLE1=1 33414U 08055A   09213.21235193 -.00000243  00000-0  00000+0 0  1906
TLE2=2 33414   0.0206  79.3162 0001580 358.0874 230.9798  1.00274569  2859
