VERSION=1.1
NAME=ASTRA 1M
NICKNAME=ASTRA 1M
TLE1=1 33436U 08057A   09206.00000000  .00000107  00000-0  00000+0 0  1186
TLE2=2 33436   0.0770 129.5610 0003614  14.3650 178.0850  1.00267983  2650
