VERSION=1.1
NAME=YAOGAN 4
NICKNAME=YAOGAN 4
TLE1=1 33446U 08061A   09215.83135245 -.00000289  00000-0 -34884-4 0  7588
TLE2=2 33446  97.9015 295.7279 0012625 231.7234 128.2828 14.75676931 36225
