VERSION=1.1
NAME=CIEL-2
NICKNAME=CIEL-2
TLE1=1 33453U 08063A   09212.62537074  .00000052  00000-0  10000-3 0  1659
TLE2=2 33453   0.0496 245.6201 0002910 242.9548 277.0679  1.00274052  2365
