VERSION=1.1
NAME=YAOGAN 5
NICKNAME=YAOGAN 5
TLE1=1 33456U 08064A   09215.84052318  .00000484  00000-0  22308-4 0  7428
TLE2=2 33456  97.3722 290.1906 0004922 195.6718 274.1059 15.24884526 35319
