VERSION=1.1
NAME=HOT BIRD 9
NICKNAME=HOT BIRD 9
TLE1=1 33459U 08065A   09214.84883094  .00000082  00000-0  10000-3 0  1326
TLE2=2 33459   0.0318  75.2699 0004551  57.1428 137.6875  1.00273004  2453
