VERSION=1.1
NAME=COSMOS 2449 (729)
NICKNAME=COSMOS 2449 (729)
TLE1=1 33467U 08067B   09214.66388910 -.00000008  00000-0  00000+0 0  1935
TLE2=2 33467  64.6630 282.6720 0004564 252.2936 250.2106  2.13101827  4718
