VERSION=1.1
NAME=FENGYUN 2E
NICKNAME=FENGYUN 2E
TLE1=1 33463U 08066A   09215.33833505 -.00000362  00000-0  00000+0 0  1887
TLE2=2 33463   2.1215 285.4618 0001847 301.3201 330.2668  1.00281617  2316
