VERSION=1.1
NAME=COSMOS 2448 (728)
NICKNAME=COSMOS 2448 (728)
TLE1=1 33468U 08067C   09214.69565694 -.00000008  00000-0  00000+0 0  1980
TLE2=2 33468  64.6664 282.6712 0004484 276.5683 159.8382  2.13101300  4701
