VERSION=1.1
NAME=COSMOS 2447 (727)
NICKNAME=COSMOS 2447 (727)
TLE1=1 33466U 08067A   09215.61587388 -.00000001  00000-0  00000+0 0  1933
TLE2=2 33466  64.6740 282.6523 0005055 236.6578 140.8880  2.13101677  4710
