VERSION=1.1
NAME=EUTELSAT W2M
NICKNAME=EUTELSAT W2M
TLE1=1 33460U 08065B   09214.78139525  .00000015  00000-0  10000-3 0  1230
TLE2=2 33460   0.0618 290.7357 0001998 181.5581 123.6233  1.00273417  2313
