VERSION=1.1
NAME=KKS-1
NICKNAME=KKS-1
TLE1=1 33499U 09002H   09215.75325637  .00000041  00000-0  14838-4 0  5971
TLE2=2 33499  98.0413 324.7373 0010358 162.9401 197.2151 14.70697877 28297
