VERSION=1.1
NAME=STARS
NICKNAME=STARS
TLE1=1 33498U 09002G   09215.80806572  .00000120  00000-0  27412-4 0  5901
TLE2=2 33498  98.0396 324.9503 0013200 167.1686 192.9865 14.71331514 28315
