VERSION=1.1
NAME=PRISM
NICKNAME=PRISM
TLE1=1 33493U 09002B   09215.87601092  .00000176  00000-0  29859-4 0  6261
TLE2=2 33493  98.0592 328.3021 0021501  87.7054 272.6626 14.80707826 28527
