VERSION=1.1
NAME=KORONAS-FOTON
NICKNAME=KORONAS-FOTON
TLE1=1 33504U 09003A   09215.48657597 -.00000248  00000-0 -19336-4 0  1450
TLE2=2 33504  82.4777 178.9753 0013963 278.7214  81.2431 15.05286268 27826
