VERSION=1.1
NAME=EXPRESS-MD1
NICKNAME=EXPRESS-MD1
TLE1=1 33596U 09007B   09214.00209334 -.00000142  00000-0  00000-0 0  1483
TLE2=2 33596   0.0491 247.1896 0001920 234.5579 269.8138  1.00271176  1807
