VERSION=1.1
NAME=EXPRESS-AM 44
NICKNAME=EXPRESS-AM 44
TLE1=1 33595U 09007A   09215.18671375 -.00000094  00000-0  10000-3 0  1435
TLE2=2 33595   0.0344  97.8348 0000575 156.7850 113.4601  1.00271257  1783
