VERSION=1.1
NAME=NOAA 19
NICKNAME=NOAA 19
TLE1=1 33591U 09005A   09215.04231759  .00000358  00000-0  22286-3 0  1994
TLE2=2 33591  98.7459 159.5889 0015163 108.9147 251.3672 14.10976871 25047
