VERSION=1.1
NAME=NSS-9
NICKNAME=NSS-9
TLE1=1 33749U 09008A   09215.59563297  .00000066  00000-0  10000-3 0   982
TLE2=2 33749   0.0134 316.1585 0001562 149.4145 244.1151  1.00273216  1772
