VERSION=1.1
NAME=SPIRALE A
NICKNAME=SPIRALE A
TLE1=1 33751U 09008C   09214.29884246 -.00000151  00000-0  10000-3 0  1090
TLE2=2 33751   1.7635 233.2030 7143443 308.6397   6.6638  2.25838430  3858
