VERSION=1.1
NAME=SPIRALE B
NICKNAME=SPIRALE B
TLE1=1 33752U 09008D   09215.20238810 -.00000075  00000-0  17223-2 0   966
TLE2=2 33752   1.7644 233.0109 7140309 308.9407   6.5867  2.25846720  3873
