VERSION=1.1
NAME=HOT BIRD 10
NICKNAME=HOT BIRD 10
TLE1=1 33750U 09008B   09212.63195421 -.00000066  00000-0  10000-3 0  1269
TLE2=2 33750   0.0585 355.8612 0004224 127.5308  46.1632  1.00271580  1788
