VERSION=1.1
NAME=TELSTAR 11N
NICKNAME=TELSTAR 11N
TLE1=1 34111U 09009A   09215.87842688 -.00000256  00000-0  00000+0 0   754
TLE2=2 34111   0.0187  63.2179 0002629  56.9120 111.1091  1.00270206  1630
