VERSION=1.1
NAME=RADUGA-1 8
NICKNAME=RADUGA-1 8
TLE1=1 34264U 09010A   09215.76642777  .00000107  00000-0  00000+0 0  1126
TLE2=2 34264   1.1885 219.4406 0036461 243.7541 142.5637  1.00263321  1575
