VERSION=1.1
NAME=GPS BIIRM-7 (PRN 01)
NICKNAME=GPS BIIRM-7 (PRN 01)
TLE1=1 34661U 09014A   09214.01952258 -.00000047  00000-0  10000-3 0   843
TLE2=2 34661  55.0860  95.8822 0033917  51.7665 308.5947  2.00557084  2686
