VERSION=1.1
NAME=EUTELSAT W2A
NICKNAME=EUTELSAT W2A
TLE1=1 34710U 09016A   09215.79503292  .00000064  00000-0  10000-3 0   653
TLE2=2 34710   0.0293 342.9211 0005101 147.3094 118.4496  1.00274071  1284
