VERSION=1.1
NAME=BEIDOU G2
NICKNAME=BEIDOU G2
TLE1=1 34779U 09018A   09214.89538674 -.00000156  00000-0  10000-3 0   835
TLE2=2 34779   0.7243 270.7519 0001878 166.6831 278.4248  1.00255707  1298
