VERSION=1.1
NAME=SICRAL 1B
NICKNAME=SICRAL 1B
TLE1=1 34810U 09020A   09214.80460155  .00000074  00000-0  10000-3 0   549
TLE2=2 34810   0.0464  61.1904 0000416 314.6841 237.0828  1.00271126  1136
