VERSION=1.1
NAME=PROTOSTAR 2
NICKNAME=PROTOSTAR 2
TLE1=1 34941U 09027A   09215.80844542 -.00000347  00000-0  10000-3 0   485
TLE2=2 34941   0.0407  94.1917 0001269  41.7815 214.9345  1.00272690   846
