VERSION=1.1
NAME=POLYSAT CP6
NICKNAME=POLYSAT CP6
TLE1=1 35004U 09028D   09214.68007055  .00003044  00000-0  78629-4 0   581
TLE2=2 35004  40.4639 321.7895 0026528 156.9033 203.2981 15.40334421 11515
