VERSION=1.1
NAME=AEROCUBE 3
NICKNAME=AEROCUBE 3
TLE1=1 35005U 09028E   09215.20757151  .00003059  00000-0  79369-4 0   599
TLE2=2 35005  40.4767 318.8398 0026965 160.0895 200.0978 15.40172114 11598
