VERSION=1.1
NAME=TACSAT 3
NICKNAME=TACSAT 3
TLE1=1 35001U 09028A   09214.74014152  .00001725  00000-0  49269-4 0   639
TLE2=2 35001  40.4571 322.2414 0023334 149.6106 210.6065 15.38994712 11520
