VERSION=1.1
NAME=HAWKSAT 1
NICKNAME=HAWKSAT 1
TLE1=1 35003U 09028C   09215.46857778  .00001501  00000-0  42256-4 0   642
TLE2=2 35003  40.4712 317.2715 0026502 161.3693 198.8072 15.39991029 11646
