VERSION=1.1
NAME=GOES 14
NICKNAME=GOES 14
TLE1=1 35491U 09033A   09215.17460183 -.00000187  00000-0  10000-3 0   479
TLE2=2 35491   0.4433 264.5880 0000309 261.5476 118.9211  1.00271081   399
