VERSION=1.1
NAME=RAZAKSAT
NICKNAME=RAZAKSAT
TLE1=1 35578U 09037A   09215.83243742  .00000593  00000-0  82654-5 0   670
TLE2=2 35578   8.9905 279.8792 0017807 350.3984   9.5904 14.64923726  3037
