VERSION=1.1
NAME=COSPAS C11 (STERKH)
NICKNAME=COSPAS C11 (STERKH)
TLE1=1 35636U 09039B   09215.83417622  .00000138  00000-0  10000-3 0   160
TLE2=2 35636  82.9564  16.2285 0018548 234.6979 125.2451 13.89434147  1891
