VERSION=1.1
NAME=UK-DMC 2
NICKNAME=UK-DMC 2
TLE1=1 35683U 09041C   09215.78535595  .00001259  00000-0  20120-3 0   180
TLE2=2 35683  98.1303 110.0694 0037125 338.7123  21.2561 14.73221513   733
