VERSION=1.1
NAME=DEIMOS 1
NICKNAME=DEIMOS 1
TLE1=1 35681U 09041A   09215.79092393 -.00000039  00000-0  22110-5 0   182
TLE2=2 35681  98.1307 110.0618 0029854 334.7805  25.1962 14.71572047   731
