VERSION=1.1
NAME=ALOUETTE 1 (S-27)
NICKNAME=ALOUETTE 1 (S-27)
TLE1=1 00424U 62049A   09214.88506229  .00000026  00000-0  20088-4 0  1933
TLE2=2 00424  80.4640 228.9859 0021978 288.8428  71.0335 13.68717444338080
