VERSION=1.1
NAME=OSCAR 5 (AO-5)
NICKNAME=OSCAR 5 (AO-5)
TLE1=1 04321U 70008B   09214.54807798 -.00000032  00000-0  10000-3 0  1946
TLE2=2 04321 102.1325 226.5515 0027310 251.8233 107.9857 12.52157067806567
