VERSION=1.1
NAME=NNSS 19
NICKNAME=NNSS 19
TLE1=1 04507U 70067A   09214.45364844  .00000060  00000-0  74460-4 0  9957
TLE2=2 04507  89.8682 311.0977 0171181 310.6208  48.0178 13.50137831915922
