VERSION=1.1
NAME=NOAA 1 [-]
NICKNAME=NOAA 1 [-]
TLE1=1 04793U 70106A   09214.76222891 -.00000031  00000-0  10000-3 0  2149
TLE2=2 04793 102.0754 206.3015 0032260 348.8666  11.1688 12.53930463768759
