VERSION=1.1
NAME=RIGIDSPHERE 2 (LCS 4)
NICKNAME=RIGIDSPHERE 2 (LCS 4)
TLE1=1 05398U 71067E   09214.47954226  .00000145  00000-0  47040-4 0  6256
TLE2=2 05398  87.6193 236.7181 0066979  25.0759 335.3677 14.31165222991183
