VERSION=1.1
NAME=RADCAT
NICKNAME=RADCAT
TLE1=1 06212U 72076A   09213.84656723  .00001146  00000-0  44165-4 0  7982
TLE2=2 06212  98.5945 229.0061 0003160 176.6705 183.4527 15.28979996129855
