VERSION=1.1
NAME=NOAA 2 [-]
NICKNAME=NOAA 2 [-]
TLE1=1 06235U 72082A   09214.70382397 -.00000027  00000-0  10000-3 0  3134
TLE2=2 06235 101.4018 230.7672 0003648 187.1250 172.9773 12.53003563683297
