VERSION=1.1
NAME=OSCAR 6 (AO-6)
NICKNAME=OSCAR 6 (AO-6)
TLE1=1 06236U 72082B   09214.54211228 -.00000027  00000-0  10000-3 0  1836
TLE2=2 06236 101.3966 226.0511 0003825 156.2562 203.8685 12.53077922683217
