VERSION=1.1
NAME=NOAA 3 [-]
NICKNAME=NOAA 3 [-]
TLE1=1 06920U 73086A   09214.63607288 -.00000030  00000-0  10000-3 0  2055
TLE2=2 06920 101.7203 235.2421 0006584  83.6989 276.4825 12.40298747618034
