VERSION=1.1
NAME=NOAA 4 [-]
NICKNAME=NOAA 4 [-]
TLE1=1 07529U 74089A   09214.63558192 -.00000027  00000-0  10000-3 0  2162
TLE2=2 07529 101.4417 237.6675 0008730 225.3433 134.6929 12.53053440587864
