VERSION=1.1
NAME=OSCAR 7 (AO-7)
NICKNAME=OSCAR 7 (AO-7)
TLE1=1 07530U 74089B   09215.09472816 -.00000027  00000-0  10000-3 0  5458
TLE2=2 07530 101.4243 238.0466 0011716 175.7422 184.3750 12.53576086588591
