VERSION=1.1
NAME=STARLETTE
NICKNAME=STARLETTE
TLE1=1 07646U 75010A   09214.51445681 -.00000161  00000-0 -15604-4 0   144
TLE2=2 07646  49.8277 308.0627 0206026 225.7583 132.6239 13.82271718742094
