VERSION=1.1
NAME=GOES 1 [-]
NICKNAME=GOES 1 [-]
TLE1=1 08366U 75100A   09214.32579641 -.00000252  00000-0  10000-3 0  8868
TLE2=2 08366  14.3536 347.4560 0002729 259.9492 100.0649  1.00279500123411
