VERSION=1.1
NAME=LES 9
NICKNAME=LES 9
TLE1=1 08747U 76023B   09212.84376233 -.00000075  00000-0  10000-3 0  3074
TLE2=2 08747  10.9432 147.1584 0023913 326.0013  33.6931  1.00267857 67879
