VERSION=1.1
NAME=CALSPHERE 1
NICKNAME=CALSPHERE 1
TLE1=1 00900U 64063C   09213.85816794  .00000061  00000-0  57517-4 0  8503
TLE2=2 00900  90.1623 327.8549 0030192  96.0409 264.4185 13.70477833225724
