VERSION=1.1
NAME=CALSPHERE 2
NICKNAME=CALSPHERE 2
TLE1=1 00902U 64063E   09213.88100664  .00000075  00000-0  10000-3 0  1200
TLE2=2 00902  90.1638 330.8167 0019417 111.5730 248.7493 13.52466142 23543
