VERSION=1.1
NAME=NOAA 5 [-]
NICKNAME=NOAA 5 [-]
TLE1=1 09057U 76077A   09214.68556738 -.00000031  00000-0  10000-3 0   925
TLE2=2 09057 101.9139 255.7726 0009335 263.9136  96.0862 12.37833952492235
