VERSION=1.1
NAME=MARISAT 2
NICKNAME=MARISAT 2
TLE1=1 09478U 76101A   09211.54960131 -.00000119  00000-0  10000-3 0  1689
TLE2=2 09478  13.2433 355.6565 0098548 199.5001 160.1628  0.97591108 63317
